Call: survfit(formula = Surv(LoS, mort_hospital) ~ age_gp, data = Covid_data)

201 observations deleted due to missingness 
                age_gp=Young Adults 
  time n.risk n.event survival std.err lower 95% CI upper 95% CI
  2.22    991       1    0.999 0.00101        0.997        1.000
  2.79    947       1    0.998 0.00146        0.995        1.000
  3.05    910       1    0.997 0.00182        0.993        1.000
  3.29    873       1    0.996 0.00215        0.991        1.000
  3.87    752       1    0.994 0.00252        0.989        0.999
  3.99    732       1    0.993 0.00286        0.987        0.999
  4.07    715       1    0.992 0.00318        0.985        0.998
  4.13    701       1    0.990 0.00347        0.983        0.997
  4.67    576       1    0.988 0.00387        0.981        0.996
  4.81    550       1    0.987 0.00426        0.978        0.995
  4.92    530       1    0.985 0.00464        0.976        0.994
  4.92    528       1    0.983 0.00499        0.973        0.993
  5.17    482       1    0.981 0.00538        0.970        0.992
  5.76    375       1    0.978 0.00597        0.967        0.990
  5.81    367       1    0.976 0.00652        0.963        0.989
  5.94    349       1    0.973 0.00708        0.959        0.987
  5.99    341       1    0.970 0.00761        0.955        0.985
  6.06    325       1    0.967 0.00815        0.951        0.983
  6.06    324       1    0.964 0.00865        0.947        0.981
  7.39    177       1    0.959 0.01018        0.939        0.979
  7.91    135       1    0.951 0.01233        0.928        0.976
  7.98    130       1    0.944 0.01424        0.917        0.972
 14.91     11       1    0.858 0.08286        0.710        1.000

                age_gp=Middle-aged Adults 
  time n.risk n.event survival  std.err lower 95% CI upper 95% CI
  2.92   2861       1    1.000 0.000349        0.999        1.000
  2.96   2849       1    0.999 0.000495        0.998        1.000
  3.05   2836       1    0.999 0.000607        0.998        1.000
  3.23   2800       1    0.999 0.000704        0.997        1.000
  3.38   2762       1    0.998 0.000791        0.997        1.000
  3.39   2757       1    0.998 0.000870        0.996        1.000
  3.50   2737       1    0.998 0.000943        0.996        0.999
  3.52   2731       1    0.997 0.001011        0.995        0.999
  3.54   2721       1    0.997 0.001075        0.995        0.999
  3.62   2698       1    0.996 0.001136        0.994        0.999
  3.63   2693       1    0.996 0.001195        0.994        0.998
  3.65   2683       1    0.996 0.001250        0.993        0.998
  3.87   2616       1    0.995 0.001307        0.993        0.998
  3.93   2595       1    0.995 0.001361        0.992        0.998
  3.93   2594       1    0.995 0.001414        0.992        0.997
  3.97   2580       1    0.994 0.001465        0.991        0.997
  3.99   2570       1    0.994 0.001514        0.991        0.997
  4.03   2554       1    0.993 0.001563        0.990        0.996
  4.15   2516       1    0.993 0.001611        0.990        0.996
  4.19   2499       1    0.993 0.001659        0.989        0.996
  4.25   2465       1    0.992 0.001707        0.989        0.996
  4.28   2450       1    0.992 0.001753        0.988        0.995
  4.34   2424       1    0.991 0.001800        0.988        0.995
  4.40   2399       1    0.991 0.001846        0.987        0.995
  4.51   2351       1    0.991 0.001892        0.987        0.994
  4.55   2340       1    0.990 0.001938        0.986        0.994
  4.56   2332       1    0.990 0.001984        0.986        0.994
  4.61   2317       1    0.989 0.002028        0.985        0.993
  4.70   2275       1    0.989 0.002073        0.985        0.993
  4.78   2241       1    0.988 0.002119        0.984        0.993
  4.87   2205       1    0.988 0.002165        0.984        0.992
  4.88   2196       1    0.987 0.002210        0.983        0.992
  4.92   2174       1    0.987 0.002255        0.983        0.991
  4.94   2164       1    0.987 0.002300        0.982        0.991
  4.94   2163       1    0.986 0.002344        0.982        0.991
  4.97   2152       1    0.986 0.002387        0.981        0.990
  4.98   2149       1    0.985 0.002429        0.980        0.990
  4.98   2148       1    0.985 0.002471        0.980        0.990
  5.05   2112       1    0.984 0.002514        0.979        0.989
  5.15   2054       1    0.984 0.002558        0.979        0.989
  5.18   2039       1    0.983 0.002602        0.978        0.988
  5.21   2022       1    0.983 0.002645        0.978        0.988
  5.21   2020       1    0.982 0.002688        0.977        0.988
  5.28   1991       1    0.982 0.002732        0.976        0.987
  5.34   1964       1    0.981 0.002776        0.976        0.987
  5.37   1947       1    0.981 0.002820        0.975        0.986
  5.42   1918       1    0.980 0.002864        0.975        0.986
  5.43   1912       1    0.980 0.002908        0.974        0.986
  5.45   1905       1    0.979 0.002952        0.974        0.985
  5.45   1902       1    0.979 0.002995        0.973        0.985
  5.48   1888       1    0.978 0.003038        0.972        0.984
  5.56   1845       1    0.978 0.003082        0.972        0.984
  5.57   1841       1    0.977 0.003126        0.971        0.983
  5.63   1808       1    0.977 0.003171        0.970        0.983
  5.66   1792       1    0.976 0.003215        0.970        0.982
  5.71   1764       1    0.976 0.003261        0.969        0.982
  5.72   1762       1    0.975 0.003306        0.969        0.981
  5.79   1727       1    0.974 0.003352        0.968        0.981
  5.81   1721       1    0.974 0.003397        0.967        0.981
  5.82   1720       1    0.973 0.003442        0.967        0.980
  5.83   1716       1    0.973 0.003486        0.966        0.980
  5.84   1708       1    0.972 0.003531        0.965        0.979
  5.84   1707       1    0.972 0.003574        0.965        0.979
  5.84   1706       1    0.971 0.003617        0.964        0.978
  5.89   1691       1    0.970 0.003660        0.963        0.978
  5.89   1690       1    0.970 0.003703        0.963        0.977
  5.92   1674       1    0.969 0.003746        0.962        0.977
  6.00   1634       1    0.969 0.003790        0.961        0.976
  6.00   1631       1    0.968 0.003834        0.961        0.976
  6.09   1593       1    0.967 0.003880        0.960        0.975
  6.12   1575       1    0.967 0.003925        0.959        0.975
  6.15   1560       1    0.966 0.003971        0.959        0.974
  6.22   1536       1    0.966 0.004018        0.958        0.974
  6.36   1457       1    0.965 0.004070        0.957        0.973
  6.38   1451       1    0.964 0.004121        0.956        0.972
  6.40   1440       1    0.964 0.004172        0.955        0.972
  6.45   1425       1    0.963 0.004224        0.955        0.971
  6.48   1410       1    0.962 0.004276        0.954        0.971
  6.48   1409       1    0.962 0.004327        0.953        0.970
  6.53   1382       1    0.961 0.004379        0.952        0.970
  6.55   1374       1    0.960 0.004432        0.952        0.969
  6.56   1372       1    0.959 0.004483        0.951        0.968
  6.61   1349       1    0.959 0.004536        0.950        0.968
  6.62   1341       1    0.958 0.004589        0.949        0.967
  6.62   1339       1    0.957 0.004641        0.948        0.966
  6.65   1324       1    0.957 0.004693        0.947        0.966
  6.65   1321       1    0.956 0.004745        0.947        0.965
  6.73   1289       1    0.955 0.004799        0.946        0.965
  6.74   1283       1    0.954 0.004853        0.945        0.964
  6.82   1256       1    0.954 0.004908        0.944        0.963
  6.85   1249       1    0.953 0.004963        0.943        0.963
  6.85   1247       1    0.952 0.005018        0.942        0.962
  6.89   1236       1    0.951 0.005072        0.941        0.961
  6.95   1210       1    0.951 0.005129        0.941        0.961
  6.97   1203       1    0.950 0.005185        0.940        0.960
  7.04   1173       1    0.949 0.005243        0.939        0.959
  7.06   1165       1    0.948 0.005302        0.938        0.959
  7.07   1160       1    0.947 0.005360        0.937        0.958
  7.10   1146       1    0.947 0.005419        0.936        0.957
  7.18   1117       1    0.946 0.005480        0.935        0.956
  7.19   1110       1    0.945 0.005540        0.934        0.956
  7.22   1098       1    0.944 0.005602        0.933        0.955
  7.22   1097       1    0.943 0.005662        0.932        0.954
  7.28   1076       1    0.942 0.005725        0.931        0.954
  7.34   1050       1    0.941 0.005789        0.930        0.953
  7.34   1048       1    0.940 0.005853        0.929        0.952
  7.42   1020       1    0.940 0.005919        0.928        0.951
  7.53    993       1    0.939 0.005988        0.927        0.950
  7.56    986       1    0.938 0.006058        0.926        0.950
  7.62    961       1    0.937 0.006129        0.925        0.949
  7.64    954       1    0.936 0.006201        0.924        0.948
  7.66    949       1    0.935 0.006272        0.922        0.947
  7.67    945       1    0.934 0.006343        0.921        0.946
  7.75    911       1    0.933 0.006419        0.920        0.945
  7.77    906       1    0.932 0.006493        0.919        0.944
  7.79    898       1    0.931 0.006569        0.918        0.944
  7.82    890       1    0.930 0.006644        0.917        0.943
  7.85    877       1    0.928 0.006720        0.915        0.942
  7.89    863       1    0.927 0.006798        0.914        0.941
  8.03    819       1    0.926 0.006884        0.913        0.940
  8.07    802       1    0.925 0.006971        0.912        0.939
  8.08    797       1    0.924 0.007058        0.910        0.938
  8.09    796       1    0.923 0.007144        0.909        0.937
  8.14    781       1    0.922 0.007232        0.908        0.936
  8.14    779       1    0.920 0.007319        0.906        0.935
  8.18    772       1    0.919 0.007406        0.905        0.934
  8.22    767       1    0.918 0.007493        0.903        0.933
  8.24    760       1    0.917 0.007580        0.902        0.932
  8.32    737       1    0.916 0.007671        0.901        0.931
  8.34    731       1    0.914 0.007762        0.899        0.930
  8.40    716       1    0.913 0.007855        0.898        0.929
  8.49    691       1    0.912 0.007954        0.896        0.927
  8.59    664       1    0.910 0.008060        0.895        0.926
  8.67    648       1    0.909 0.008169        0.893        0.925
  8.73    635       1    0.908 0.008281        0.891        0.924
  8.80    623       1    0.906 0.008395        0.890        0.923
  8.80    621       1    0.905 0.008507        0.888        0.921
  8.82    615       1    0.903 0.008619        0.886        0.920
  9.01    574       1    0.902 0.008747        0.885        0.919
  9.43    505       1    0.900 0.008910        0.882        0.917
  9.79    448       1    0.898 0.009113        0.880        0.916
  9.89    435       1    0.896 0.009323        0.878        0.914
 [ reached getOption("max.print") -- omitted 28 rows ]

                age_gp=Elderly 
  time n.risk n.event survival  std.err lower 95% CI upper 95% CI
  2.18   5831       1   0.9998 0.000171       0.9995        1.000
  2.24   5830       1   0.9997 0.000242       0.9992        1.000
  2.50   5822       1   0.9995 0.000297       0.9989        1.000
  2.85   5809       1   0.9993 0.000343       0.9986        1.000
  3.03   5795       1   0.9991 0.000384       0.9984        1.000
  3.12   5789       1   0.9990 0.000421       0.9981        1.000
  3.13   5787       1   0.9988 0.000455       0.9979        1.000
  3.21   5776       1   0.9986 0.000487       0.9977        1.000
  3.27   5765       1   0.9984 0.000516       0.9974        0.999
  3.28   5762       1   0.9983 0.000545       0.9972        0.999
  3.29   5760       1   0.9981 0.000571       0.9970        0.999
  3.31   5759       1   0.9979 0.000597       0.9968        0.999
  3.38   5753       1   0.9978 0.000622       0.9965        0.999
  3.39   5751       1   0.9976 0.000645       0.9963        0.999
  3.40   5746       1   0.9974 0.000668       0.9961        0.999
  3.42   5744       1   0.9972 0.000690       0.9959        0.999
  3.45   5737       1   0.9971 0.000712       0.9957        0.998
  3.47   5733       1   0.9969 0.000732       0.9955        0.998
  3.55   5718       1   0.9967 0.000753       0.9952        0.998
  3.56   5717       1   0.9965 0.000773       0.9950        0.998
  3.58   5709       1   0.9964 0.000792       0.9948        0.998
  3.60   5706       1   0.9962 0.000811       0.9946        0.998
  3.63   5700       1   0.9960 0.000829       0.9944        0.998
  3.64   5696       1   0.9958 0.000847       0.9942        0.998
  3.65   5694       1   0.9957 0.000865       0.9940        0.997
  3.76   5671       1   0.9955 0.000883       0.9938        0.997
  3.78   5668       1   0.9953 0.000900       0.9936        0.997
  3.79   5666       1   0.9951 0.000917       0.9933        0.997
  3.81   5661       1   0.9950 0.000933       0.9931        0.997
  3.82   5660       1   0.9948 0.000949       0.9929        0.997
  3.82   5658       1   0.9946 0.000965       0.9927        0.997
  3.83   5656       1   0.9944 0.000981       0.9925        0.996
  3.85   5651       1   0.9943 0.000997       0.9923        0.996
  3.87   5647       1   0.9941 0.001012       0.9921        0.996
  3.90   5643       1   0.9939 0.001027       0.9919        0.996
  3.91   5639       1   0.9937 0.001042       0.9917        0.996
  3.91   5637       1   0.9936 0.001056       0.9915        0.996
  3.91   5636       1   0.9934 0.001071       0.9913        0.995
  3.91   5635       1   0.9932 0.001085       0.9911        0.995
  3.93   5630       1   0.9930 0.001099       0.9909        0.995
  3.97   5615       1   0.9928 0.001113       0.9907        0.995
  3.99   5608       1   0.9927 0.001127       0.9905        0.995
  4.01   5596       1   0.9925 0.001140       0.9903        0.995
  4.02   5594       1   0.9923 0.001154       0.9901        0.995
  4.04   5590       1   0.9921 0.001167       0.9899        0.994
  4.04   5587       1   0.9920 0.001181       0.9897        0.994
  4.05   5585       1   0.9918 0.001194       0.9894        0.994
  4.06   5580       1   0.9916 0.001207       0.9892        0.994
  4.07   5574       1   0.9914 0.001219       0.9890        0.994
  4.08   5569       1   0.9913 0.001232       0.9888        0.994
  4.09   5568       1   0.9911 0.001245       0.9886        0.994
  4.09   5564       1   0.9909 0.001257       0.9884        0.993
  4.10   5561       1   0.9907 0.001269       0.9882        0.993
  4.12   5552       1   0.9905 0.001282       0.9880        0.993
  4.13   5550       1   0.9904 0.001294       0.9878        0.993
  4.13   5547       1   0.9902 0.001306       0.9876        0.993
  4.14   5544       1   0.9900 0.001318       0.9874        0.993
  4.17   5535       1   0.9898 0.001330       0.9872        0.992
  4.17   5534       1   0.9896 0.001341       0.9870        0.992
  4.21   5529       1   0.9895 0.001353       0.9868        0.992
  4.21   5526       1   0.9893 0.001365       0.9866        0.992
  4.23   5520       1   0.9891 0.001376       0.9864        0.992
  4.23   5519       1   0.9889 0.001387       0.9862        0.992
  4.26   5509       1   0.9887 0.001399       0.9860        0.991
  4.28   5507       1   0.9886 0.001410       0.9858        0.991
  4.28   5505       1   0.9884 0.001421       0.9856        0.991
  4.29   5504       1   0.9882 0.001432       0.9854        0.991
  4.29   5501       1   0.9880 0.001443       0.9852        0.991
  4.31   5494       1   0.9878 0.001454       0.9850        0.991
  4.32   5491       1   0.9877 0.001465       0.9848        0.991
  4.32   5487       1   0.9875 0.001476       0.9846        0.990
  4.33   5482       1   0.9873 0.001486       0.9844        0.990
  4.33   5481       1   0.9871 0.001497       0.9842        0.990
  4.34   5477       1   0.9869 0.001507       0.9840        0.990
  4.34   5475       1   0.9868 0.001518       0.9838        0.990
  4.38   5469       1   0.9866 0.001528       0.9836        0.990
  4.39   5467       1   0.9864 0.001539       0.9834        0.989
  4.40   5462       1   0.9862 0.001549       0.9832        0.989
  4.42   5454       1   0.9860 0.001559       0.9830        0.989
  4.42   5453       1   0.9859 0.001569       0.9828        0.989
  4.44   5447       1   0.9857 0.001579       0.9826        0.989
  4.44   5445       1   0.9855 0.001589       0.9824        0.989
  4.45   5444       1   0.9853 0.001599       0.9822        0.988
  4.47   5435       1   0.9851 0.001609       0.9820        0.988
  4.47   5434       1   0.9850 0.001619       0.9818        0.988
  4.48   5432       1   0.9848 0.001629       0.9816        0.988
  4.48   5429       1   0.9846 0.001639       0.9814        0.988
  4.48   5428       1   0.9844 0.001649       0.9812        0.988
  4.49   5427       1   0.9842 0.001658       0.9810        0.987
  4.50   5422       1   0.9841 0.001668       0.9808        0.987
  4.52   5409       1   0.9839 0.001677       0.9806        0.987
  4.52   5408       1   0.9837 0.001687       0.9804        0.987
  4.52   5406       1   0.9835 0.001696       0.9802        0.987
  4.53   5404       1   0.9833 0.001706       0.9800        0.987
  4.53   5402       1   0.9831 0.001715       0.9798        0.987
  4.54   5400       1   0.9830 0.001724       0.9796        0.986
  4.54   5399       1   0.9828 0.001734       0.9794        0.986
  4.54   5394       1   0.9826 0.001743       0.9792        0.986
  4.55   5392       1   0.9824 0.001752       0.9790        0.986
  4.55   5387       1   0.9822 0.001761       0.9788        0.986
  4.56   5383       1   0.9821 0.001770       0.9786        0.986
  4.57   5381       1   0.9819 0.001779       0.9784        0.985
  4.57   5377       1   0.9817 0.001788       0.9782        0.985
  4.61   5362       1   0.9815 0.001797       0.9780        0.985
  4.62   5353       1   0.9813 0.001806       0.9778        0.985
  4.63   5349       1   0.9811 0.001815       0.9776        0.985
  4.63   5348       1   0.9810 0.001824       0.9774        0.985
  4.64   5346       1   0.9808 0.001833       0.9772        0.984
  4.68   5327       1   0.9806 0.001842       0.9770        0.984
  4.68   5326       1   0.9804 0.001851       0.9768        0.984
  4.70   5319       1   0.9802 0.001860       0.9766        0.984
  4.73   5303       1   0.9800 0.001869       0.9764        0.984
  4.74   5301       1   0.9798 0.001877       0.9762        0.984
  4.74   5300       1   0.9797 0.001886       0.9760        0.983
  4.74   5299       1   0.9795 0.001895       0.9758        0.983
  4.74   5298       1   0.9793 0.001903       0.9756        0.983
  4.77   5285       1   0.9791 0.001912       0.9754        0.983
  4.77   5278       1   0.9789 0.001921       0.9752        0.983
  4.79   5270       1   0.9787 0.001929       0.9750        0.983
  4.81   5260       1   0.9785 0.001938       0.9748        0.982
  4.82   5257       1   0.9784 0.001946       0.9746        0.982
  4.82   5252       1   0.9782 0.001955       0.9744        0.982
  4.84   5247       1   0.9780 0.001963       0.9741        0.982
  4.84   5243       1   0.9778 0.001972       0.9739        0.982
  4.87   5226       1   0.9776 0.001980       0.9737        0.982
  4.87   5225       1   0.9774 0.001989       0.9735        0.981
  4.87   5223       1   0.9772 0.001997       0.9733        0.981
  4.88   5219       1   0.9771 0.002006       0.9731        0.981
  4.89   5209       1   0.9769 0.002014       0.9729        0.981
  4.90   5208       1   0.9767 0.002022       0.9727        0.981
  4.90   5207       1   0.9765 0.002031       0.9725        0.980
  4.90   5206       1   0.9763 0.002039       0.9723        0.980
  4.93   5193       1   0.9761 0.002047       0.9721        0.980
  4.94   5190       1   0.9759 0.002055       0.9719        0.980
  4.94   5188       1   0.9757 0.002063       0.9717        0.980
  4.96   5182       1   0.9756 0.002072       0.9715        0.980
  4.96   5179       1   0.9754 0.002080       0.9713        0.979
  5.00   5166       1   0.9752 0.002088       0.9711        0.979
  5.02   5160       1   0.9750 0.002096       0.9709        0.979
  5.02   5158       1   0.9748 0.002104       0.9707        0.979
  5.03   5155       1   0.9746 0.002112       0.9705        0.979
  5.04   5144       1   0.9744 0.002120       0.9703        0.979
 [ reached getOption("max.print") -- omitted 1310 rows ]

