Call: survfit(formula = Surv(LoS, mort_hospital == 1) ~ ct_gp, data = Covid_data)

201 observations deleted due to missingness 
                ct_gp=Strongly positive 
  time n.risk n.event survival  std.err lower 95% CI upper 95% CI
  2.22   4125       1   0.9998 0.000242       0.9993        1.000
  2.50   4108       1   0.9995 0.000343       0.9988        1.000
  2.79   4084       1   0.9993 0.000422       0.9984        1.000
  3.03   4056       1   0.9990 0.000488       0.9981        1.000
  3.05   4053       1   0.9988 0.000547       0.9977        1.000
  3.05   4052       1   0.9985 0.000600       0.9974        1.000
  3.29   4007       1   0.9983 0.000649       0.9970        1.000
  3.31   3999       1   0.9980 0.000695       0.9967        0.999
  3.40   3978       1   0.9978 0.000739       0.9963        0.999
  3.47   3966       1   0.9975 0.000781       0.9960        0.999
  3.50   3957       1   0.9973 0.000820       0.9957        0.999
  3.58   3928       1   0.9970 0.000858       0.9953        0.999
  3.63   3917       1   0.9968 0.000895       0.9950        0.999
  3.64   3915       1   0.9965 0.000930       0.9947        0.998
  3.65   3911       1   0.9963 0.000964       0.9944        0.998
  3.78   3882       1   0.9960 0.000998       0.9940        0.998
  3.79   3877       1   0.9957 0.001030       0.9937        0.998
  3.81   3865       1   0.9955 0.001061       0.9934        0.998
  3.82   3864       1   0.9952 0.001092       0.9931        0.997
  3.83   3861       1   0.9950 0.001122       0.9928        0.997
  3.85   3852       1   0.9947 0.001151       0.9925        0.997
  3.87   3845       1   0.9945 0.001179       0.9921        0.997
  3.87   3844       1   0.9942 0.001207       0.9918        0.997
  3.87   3843       1   0.9939 0.001234       0.9915        0.996
  3.91   3832       1   0.9937 0.001261       0.9912        0.996
  3.91   3829       1   0.9934 0.001287       0.9909        0.996
  3.93   3821       1   0.9932 0.001312       0.9906        0.996
  3.93   3820       1   0.9929 0.001338       0.9903        0.996
  3.99   3799       1   0.9926 0.001362       0.9900        0.995
  3.99   3797       1   0.9924 0.001387       0.9897        0.995
  4.02   3787       1   0.9921 0.001411       0.9894        0.995
  4.04   3782       1   0.9919 0.001435       0.9890        0.995
  4.05   3780       1   0.9916 0.001458       0.9887        0.994
  4.06   3777       1   0.9913 0.001481       0.9884        0.994
  4.09   3764       1   0.9911 0.001504       0.9881        0.994
  4.13   3750       1   0.9908 0.001527       0.9878        0.994
  4.13   3748       1   0.9905 0.001549       0.9875        0.994
  4.17   3736       1   0.9903 0.001571       0.9872        0.993
  4.19   3729       1   0.9900 0.001593       0.9869        0.993
  4.21   3722       1   0.9897 0.001615       0.9866        0.993
  4.25   3696       1   0.9895 0.001636       0.9863        0.993
  4.28   3683       1   0.9892 0.001658       0.9860        0.992
  4.31   3670       1   0.9889 0.001679       0.9856        0.992
  4.32   3666       1   0.9887 0.001700       0.9853        0.992
  4.33   3661       1   0.9884 0.001721       0.9850        0.992
  4.33   3660       1   0.9881 0.001742       0.9847        0.992
  4.34   3656       1   0.9879 0.001762       0.9844        0.991
  4.34   3655       1   0.9876 0.001782       0.9841        0.991
  4.38   3640       1   0.9873 0.001802       0.9838        0.991
  4.40   3632       1   0.9870 0.001822       0.9835        0.991
  4.47   3608       1   0.9868 0.001842       0.9832        0.990
  4.47   3605       1   0.9865 0.001862       0.9828        0.990
  4.48   3598       1   0.9862 0.001881       0.9825        0.990
  4.48   3597       1   0.9859 0.001901       0.9822        0.990
  4.52   3578       1   0.9857 0.001920       0.9819        0.989
  4.54   3566       1   0.9854 0.001939       0.9816        0.989
  4.55   3564       1   0.9851 0.001958       0.9813        0.989
  4.55   3560       1   0.9848 0.001977       0.9810        0.989
  4.56   3554       1   0.9846 0.001996       0.9807        0.988
  4.57   3551       1   0.9843 0.002015       0.9803        0.988
  4.63   3532       1   0.9840 0.002033       0.9800        0.988
  4.73   3491       1   0.9837 0.002052       0.9797        0.988
  4.74   3485       1   0.9834 0.002071       0.9794        0.988
  4.77   3478       1   0.9832 0.002089       0.9791        0.987
  4.84   3451       1   0.9829 0.002108       0.9787        0.987
  4.87   3440       1   0.9826 0.002127       0.9784        0.987
  4.90   3424       1   0.9823 0.002145       0.9781        0.987
  4.90   3422       1   0.9820 0.002164       0.9778        0.986
  4.94   3406       1   0.9817 0.002182       0.9775        0.986
  5.00   3384       1   0.9814 0.002201       0.9771        0.986
  5.02   3380       1   0.9811 0.002219       0.9768        0.986
  5.02   3378       1   0.9809 0.002238       0.9765        0.985
  5.05   3356       1   0.9806 0.002256       0.9762        0.985
  5.11   3322       1   0.9803 0.002275       0.9758        0.985
  5.15   3286       1   0.9800 0.002293       0.9755        0.984
  5.15   3285       1   0.9797 0.002312       0.9751        0.984
  5.17   3282       1   0.9794 0.002330       0.9748        0.984
  5.18   3275       1   0.9791 0.002349       0.9745        0.984
  5.20   3257       1   0.9788 0.002367       0.9741        0.983
  5.21   3256       1   0.9785 0.002386       0.9738        0.983
  5.21   3253       1   0.9782 0.002404       0.9735        0.983
  5.22   3247       1   0.9779 0.002422       0.9731        0.983
  5.22   3244       1   0.9776 0.002440       0.9728        0.982
  5.23   3236       1   0.9773 0.002458       0.9725        0.982
  5.24   3232       1   0.9770 0.002475       0.9721        0.982
  5.25   3229       1   0.9767 0.002493       0.9718        0.982
  5.30   3207       1   0.9764 0.002511       0.9714        0.981
  5.34   3187       1   0.9760 0.002529       0.9711        0.981
  5.34   3186       1   0.9757 0.002546       0.9708        0.981
  5.34   3185       1   0.9754 0.002564       0.9704        0.980
  5.35   3179       1   0.9751 0.002581       0.9701        0.980
  5.36   3174       1   0.9748 0.002599       0.9697        0.980
  5.37   3171       1   0.9745 0.002616       0.9694        0.980
  5.37   3170       1   0.9742 0.002633       0.9691        0.979
  5.44   3143       1   0.9739 0.002651       0.9687        0.979
  5.45   3136       1   0.9736 0.002668       0.9684        0.979
  5.45   3134       1   0.9733 0.002685       0.9680        0.979
  5.46   3130       1   0.9730 0.002702       0.9677        0.978
  5.46   3127       1   0.9727 0.002719       0.9673        0.978
  5.48   3122       1   0.9723 0.002736       0.9670        0.978
  5.48   3118       1   0.9720 0.002753       0.9667        0.977
  5.49   3117       1   0.9717 0.002770       0.9663        0.977
  5.53   3096       1   0.9714 0.002786       0.9660        0.977
  5.54   3094       1   0.9711 0.002803       0.9656        0.977
  5.54   3090       1   0.9708 0.002820       0.9653        0.976
  5.56   3083       1   0.9705 0.002836       0.9649        0.976
  5.57   3080       1   0.9701 0.002853       0.9646        0.976
  5.58   3071       1   0.9698 0.002869       0.9642        0.975
  5.59   3061       1   0.9695 0.002886       0.9639        0.975
  5.63   3052       1   0.9692 0.002902       0.9635        0.975
  5.63   3050       1   0.9689 0.002919       0.9632        0.975
  5.66   3033       1   0.9686 0.002935       0.9628        0.974
  5.68   3025       1   0.9682 0.002952       0.9625        0.974
  5.68   3021       1   0.9679 0.002968       0.9621        0.974
  5.68   3020       1   0.9676 0.002984       0.9618        0.973
  5.70   3007       1   0.9673 0.003001       0.9614        0.973
  5.73   2997       1   0.9670 0.003017       0.9611        0.973
  5.76   2986       1   0.9666 0.003033       0.9607        0.973
  5.76   2980       1   0.9663 0.003050       0.9603        0.972
  5.78   2970       1   0.9660 0.003066       0.9600        0.972
  5.78   2968       1   0.9657 0.003082       0.9596        0.972
  5.78   2967       1   0.9653 0.003098       0.9593        0.971
  5.79   2961       1   0.9650 0.003114       0.9589        0.971
  5.79   2958       1   0.9647 0.003130       0.9586        0.971
  5.82   2952       1   0.9644 0.003146       0.9582        0.971
  5.82   2951       1   0.9640 0.003162       0.9578        0.970
  5.82   2948       1   0.9637 0.003178       0.9575        0.970
  5.84   2941       1   0.9634 0.003194       0.9571        0.970
  5.84   2940       1   0.9630 0.003209       0.9568        0.969
  5.85   2935       1   0.9627 0.003225       0.9564        0.969
  5.86   2931       1   0.9624 0.003241       0.9561        0.969
  5.86   2927       1   0.9621 0.003256       0.9557        0.968
  5.89   2916       1   0.9617 0.003272       0.9553        0.968
  5.90   2909       1   0.9614 0.003287       0.9550        0.968
  5.90   2905       1   0.9611 0.003303       0.9546        0.968
  5.92   2898       1   0.9607 0.003318       0.9543        0.967
  5.94   2888       1   0.9604 0.003334       0.9539        0.967
  5.94   2883       1   0.9601 0.003349       0.9535        0.967
  5.98   2854       1   0.9597 0.003365       0.9532        0.966
  5.98   2853       1   0.9594 0.003380       0.9528        0.966
  5.98   2852       1   0.9591 0.003396       0.9524        0.966
  5.99   2849       1   0.9587 0.003411       0.9521        0.965
 [ reached getOption("max.print") -- omitted 544 rows ]

                ct_gp=Moderately Positive 
  time n.risk n.event survival  std.err lower 95% CI upper 95% CI
  2.24   3027       1    1.000 0.000330       0.9990        1.000
  2.92   2983       1    0.999 0.000470       0.9984        1.000
  3.12   2950       1    0.999 0.000580       0.9979        1.000
  3.21   2939       1    0.999 0.000672       0.9973        1.000
  3.23   2930       1    0.998 0.000753       0.9968        1.000
  3.29   2918       1    0.998 0.000827       0.9964        1.000
  3.38   2902       1    0.998 0.000895       0.9959        0.999
  3.38   2901       1    0.997 0.000959       0.9954        0.999
  3.39   2898       1    0.997 0.001018       0.9949        0.999
  3.52   2880       1    0.997 0.001075       0.9945        0.999
  3.55   2871       1    0.996 0.001129       0.9940        0.998
  3.56   2870       1    0.996 0.001181       0.9936        0.998
  3.63   2849       1    0.996 0.001231       0.9931        0.998
  3.65   2842       1    0.995 0.001280       0.9927        0.998
  3.76   2812       1    0.995 0.001327       0.9922        0.997
  3.82   2797       1    0.994 0.001374       0.9918        0.997
  3.91   2780       1    0.994 0.001419       0.9914        0.997
  3.99   2764       1    0.994 0.001463       0.9909        0.997
  4.07   2738       1    0.993 0.001507       0.9905        0.996
  4.08   2734       1    0.993 0.001550       0.9900        0.996
  4.12   2721       1    0.993 0.001592       0.9896        0.996
  4.14   2717       1    0.992 0.001632       0.9891        0.996
  4.15   2710       1    0.992 0.001672       0.9887        0.995
  4.23   2691       1    0.992 0.001712       0.9882        0.995
  4.28   2678       1    0.991 0.001751       0.9878        0.995
  4.28   2675       1    0.991 0.001789       0.9873        0.994
  4.29   2670       1    0.990 0.001826       0.9869        0.994
  4.34   2651       1    0.990 0.001864       0.9865        0.994
  4.40   2634       1    0.990 0.001900       0.9860        0.993
  4.42   2629       1    0.989 0.001937       0.9856        0.993
  4.42   2628       1    0.989 0.001972       0.9851        0.993
  4.44   2616       1    0.989 0.002007       0.9847        0.993
  4.45   2613       1    0.988 0.002042       0.9842        0.992
  4.48   2606       1    0.988 0.002076       0.9838        0.992
  4.49   2603       1    0.987 0.002110       0.9833        0.992
  4.50   2597       1    0.987 0.002143       0.9829        0.991
  4.52   2589       1    0.987 0.002176       0.9824        0.991
  4.53   2586       1    0.986 0.002208       0.9820        0.991
  4.54   2583       1    0.986 0.002240       0.9815        0.990
  4.54   2582       1    0.986 0.002271       0.9811        0.990
  4.55   2580       1    0.985 0.002302       0.9807        0.990
  4.61   2557       1    0.985 0.002333       0.9802        0.989
  4.62   2551       1    0.984 0.002364       0.9798        0.989
  4.63   2547       1    0.984 0.002395       0.9793        0.989
  4.68   2525       1    0.984 0.002425       0.9789        0.988
  4.70   2517       1    0.983 0.002456       0.9784        0.988
  4.74   2506       1    0.983 0.002486       0.9780        0.988
  4.74   2504       1    0.982 0.002516       0.9775        0.987
  4.77   2489       1    0.982 0.002545       0.9771        0.987
  4.79   2476       1    0.982 0.002575       0.9766        0.987
  4.81   2469       1    0.981 0.002604       0.9762        0.986
  4.81   2467       1    0.981 0.002634       0.9757        0.986
  4.82   2463       1    0.980 0.002662       0.9753        0.986
  4.87   2449       1    0.980 0.002691       0.9748        0.985
  4.87   2445       1    0.980 0.002720       0.9743        0.985
  4.88   2438       1    0.979 0.002748       0.9739        0.985
  4.92   2422       1    0.979 0.002777       0.9734        0.984
  4.94   2417       1    0.978 0.002805       0.9730        0.984
  4.94   2414       1    0.978 0.002833       0.9725        0.984
  4.96   2408       1    0.978 0.002861       0.9720        0.983
  4.97   2406       1    0.977 0.002888       0.9716        0.983
  5.12   2365       1    0.977 0.002916       0.9711        0.983
  5.14   2358       1    0.976 0.002944       0.9706        0.982
  5.14   2356       1    0.976 0.002972       0.9702        0.982
  5.18   2333       1    0.976 0.003000       0.9697        0.981
  5.23   2316       1    0.975 0.003028       0.9692        0.981
  5.26   2305       1    0.975 0.003057       0.9687        0.981
  5.26   2303       1    0.974 0.003084       0.9683        0.980
  5.27   2302       1    0.974 0.003112       0.9678        0.980
  5.27   2300       1    0.973 0.003139       0.9673        0.980
  5.31   2285       1    0.973 0.003167       0.9668        0.979
  5.32   2280       1    0.973 0.003194       0.9664        0.979
  5.36   2269       1    0.972 0.003221       0.9659        0.979
  5.37   2264       1    0.972 0.003248       0.9654        0.978
  5.38   2258       1    0.971 0.003275       0.9649        0.978
  5.42   2239       1    0.971 0.003302       0.9644        0.977
  5.43   2238       1    0.970 0.003329       0.9639        0.977
  5.44   2235       1    0.970 0.003356       0.9635        0.977
  5.45   2233       1    0.970 0.003382       0.9630        0.976
  5.45   2230       1    0.969 0.003409       0.9625        0.976
  5.53   2203       1    0.969 0.003435       0.9620        0.975
  5.55   2192       1    0.968 0.003462       0.9615        0.975
  5.56   2186       1    0.968 0.003489       0.9610        0.975
  5.58   2181       1    0.967 0.003515       0.9605        0.974
  5.60   2167       1    0.967 0.003542       0.9600        0.974
  5.61   2165       1    0.966 0.003568       0.9595        0.973
  5.62   2157       1    0.966 0.003595       0.9590        0.973
  5.63   2154       1    0.966 0.003621       0.9585        0.973
  5.72   2119       1    0.965 0.003648       0.9580        0.972
  5.81   2091       1    0.965 0.003675       0.9575        0.972
  5.83   2086       1    0.964 0.003702       0.9570        0.971
  5.84   2082       1    0.964 0.003729       0.9565        0.971
  5.84   2081       1    0.963 0.003756       0.9559        0.971
  5.85   2074       1    0.963 0.003783       0.9554        0.970
  5.86   2070       1    0.962 0.003810       0.9549        0.970
  5.88   2062       1    0.962 0.003836       0.9544        0.969
  5.89   2059       1    0.961 0.003863       0.9539        0.969
  5.89   2058       1    0.961 0.003889       0.9534        0.969
  5.90   2054       1    0.960 0.003915       0.9528        0.968
  5.90   2053       1    0.960 0.003941       0.9523        0.968
  5.92   2043       1    0.960 0.003967       0.9518        0.967
  5.93   2041       1    0.959 0.003993       0.9513        0.967
  5.93   2037       1    0.959 0.004019       0.9508        0.967
  5.94   2036       1    0.958 0.004044       0.9502        0.966
  5.95   2034       1    0.958 0.004069       0.9497        0.966
  5.97   2026       1    0.957 0.004095       0.9492        0.965
  5.99   2017       1    0.957 0.004120       0.9487        0.965
  6.09   1985       1    0.956 0.004146       0.9481        0.964
  6.12   1973       1    0.956 0.004172       0.9476        0.964
  6.14   1965       1    0.955 0.004199       0.9471        0.964
  6.15   1960       1    0.955 0.004225       0.9465        0.963
  6.16   1957       1    0.954 0.004250       0.9460        0.963
  6.22   1937       1    0.954 0.004277       0.9454        0.962
  6.25   1929       1    0.953 0.004303       0.9449        0.962
  6.26   1923       1    0.953 0.004329       0.9444        0.961
  6.26   1922       1    0.952 0.004355       0.9438        0.961
  6.30   1907       1    0.952 0.004382       0.9433        0.960
  6.30   1906       1    0.951 0.004408       0.9427        0.960
  6.32   1899       1    0.951 0.004434       0.9422        0.960
  6.34   1885       1    0.950 0.004460       0.9416        0.959
  6.36   1880       1    0.950 0.004486       0.9410        0.959
  6.37   1878       1    0.949 0.004512       0.9405        0.958
  6.38   1875       1    0.949 0.004538       0.9399        0.958
  6.42   1861       1    0.948 0.004564       0.9394        0.957
  6.43   1860       1    0.948 0.004590       0.9388        0.957
  6.44   1855       1    0.947 0.004616       0.9382        0.956
  6.45   1850       1    0.947 0.004642       0.9377        0.956
  6.46   1847       1    0.946 0.004667       0.9371        0.955
  6.49   1834       1    0.946 0.004693       0.9366        0.955
  6.51   1831       1    0.945 0.004719       0.9360        0.954
  6.55   1810       1    0.945 0.004745       0.9354        0.954
  6.56   1805       1    0.944 0.004771       0.9348        0.954
  6.56   1802       1    0.944 0.004797       0.9343        0.953
  6.58   1789       1    0.943 0.004824       0.9337        0.953
  6.58   1787       1    0.943 0.004850       0.9331        0.952
  6.60   1778       1    0.942 0.004876       0.9325        0.952
  6.62   1771       1    0.942 0.004902       0.9319        0.951
  6.65   1754       1    0.941 0.004929       0.9314        0.951
  6.65   1753       1    0.940 0.004955       0.9308        0.950
  6.66   1744       1    0.940 0.004981       0.9302        0.950
  6.68   1734       1    0.939 0.005008       0.9296        0.949
  6.68   1732       1    0.939 0.005034       0.9290        0.949
 [ reached getOption("max.print") -- omitted 359 rows ]

                ct_gp=Weakly Positive 
  time n.risk n.event survival  std.err lower 95% CI upper 95% CI
  2.18   2598       1    1.000 0.000385       0.9989        1.000
  2.85   2557       1    0.999 0.000548       0.9981        1.000
  2.96   2538       1    0.999 0.000675       0.9975        1.000
  3.13   2523       1    0.998 0.000782       0.9969        1.000
  3.27   2499       1    0.998 0.000878       0.9963        1.000
  3.28   2496       1    0.998 0.000964       0.9957        1.000
  3.39   2486       1    0.997 0.001044       0.9952        0.999
  3.42   2481       1    0.997 0.001118       0.9946        0.999
  3.45   2470       1    0.996 0.001189       0.9941        0.999
  3.54   2453       1    0.996 0.001256       0.9936        0.998
  3.60   2439       1    0.996 0.001320       0.9930        0.998
  3.62   2436       1    0.995 0.001381       0.9925        0.998
  3.90   2374       1    0.995 0.001443       0.9920        0.998
  3.91   2372       1    0.994 0.001502       0.9914        0.997
  3.93   2368       1    0.994 0.001559       0.9909        0.997
  3.97   2354       1    0.994 0.001614       0.9904        0.997
  3.97   2353       1    0.993 0.001668       0.9898        0.996
  4.01   2341       1    0.993 0.001720       0.9893        0.996
  4.03   2334       1    0.992 0.001771       0.9888        0.996
  4.04   2329       1    0.992 0.001821       0.9883        0.995
  4.07   2320       1    0.991 0.001870       0.9877        0.995
  4.09   2317       1    0.991 0.001917       0.9872        0.995
  4.10   2316       1    0.991 0.001964       0.9867        0.994
  4.13   2307       1    0.990 0.002009       0.9862        0.994
  4.17   2292       1    0.990 0.002054       0.9857        0.994
  4.21   2277       1    0.989 0.002099       0.9851        0.993
  4.23   2272       1    0.989 0.002143       0.9846        0.993
  4.26   2264       1    0.988 0.002186       0.9841        0.993
  4.29   2259       1    0.988 0.002228       0.9836        0.992
  4.32   2249       1    0.987 0.002270       0.9831        0.992
  4.39   2239       1    0.987 0.002311       0.9825        0.992
  4.44   2225       1    0.987 0.002353       0.9820        0.991
  4.51   2202       1    0.986 0.002394       0.9815        0.991
  4.52   2198       1    0.986 0.002434       0.9810        0.990
  4.53   2194       1    0.985 0.002474       0.9804        0.990
  4.56   2187       1    0.985 0.002514       0.9799        0.990
  4.57   2186       1    0.984 0.002553       0.9794        0.989
  4.61   2171       1    0.984 0.002592       0.9788        0.989
  4.64   2159       1    0.983 0.002630       0.9783        0.989
  4.67   2148       1    0.983 0.002669       0.9778        0.988
  4.68   2144       1    0.983 0.002706       0.9773        0.988
  4.70   2137       1    0.982 0.002744       0.9767        0.987
  4.74   2124       1    0.982 0.002781       0.9762        0.987
  4.78   2111       1    0.981 0.002819       0.9756        0.987
  4.82   2103       1    0.981 0.002856       0.9751        0.986
  4.84   2095       1    0.980 0.002892       0.9746        0.986
  4.87   2085       1    0.980 0.002929       0.9740        0.986
  4.88   2081       1    0.979 0.002965       0.9735        0.985
  4.89   2077       1    0.979 0.003001       0.9729        0.985
  4.90   2074       1    0.978 0.003036       0.9724        0.984
  4.92   2069       1    0.978 0.003072       0.9719        0.984
  4.92   2067       1    0.977 0.003106       0.9713        0.983
  4.93   2065       1    0.977 0.003141       0.9708        0.983
  4.94   2058       1    0.976 0.003175       0.9702        0.983
  4.96   2044       1    0.976 0.003209       0.9697        0.982
  4.98   2041       1    0.975 0.003243       0.9692        0.982
  4.98   2040       1    0.975 0.003276       0.9686        0.981
  5.03   2022       1    0.975 0.003310       0.9681        0.981
  5.04   2016       1    0.974 0.003343       0.9675        0.981
  5.05   2010       1    0.974 0.003377       0.9670        0.980
  5.09   1995       1    0.973 0.003410       0.9664        0.980
  5.10   1994       1    0.973 0.003443       0.9659        0.979
  5.10   1991       1    0.972 0.003476       0.9653        0.979
  5.11   1989       1    0.972 0.003508       0.9648        0.979
  5.13   1984       1    0.971 0.003541       0.9642        0.978
  5.13   1983       1    0.971 0.003572       0.9636        0.978
  5.19   1960       1    0.970 0.003605       0.9631        0.977
  5.21   1953       1    0.970 0.003637       0.9625        0.977
  5.23   1949       1    0.969 0.003669       0.9620        0.976
  5.25   1941       1    0.969 0.003701       0.9614        0.976
  5.25   1939       1    0.968 0.003733       0.9608        0.975
  5.25   1938       1    0.968 0.003764       0.9603        0.975
  5.27   1926       1    0.967 0.003795       0.9597        0.975
  5.28   1924       1    0.967 0.003827       0.9592        0.974
  5.32   1908       1    0.966 0.003858       0.9586        0.974
  5.34   1905       1    0.966 0.003889       0.9580        0.973
  5.39   1888       1    0.965 0.003921       0.9575        0.973
  5.39   1886       1    0.965 0.003952       0.9569        0.972
  5.42   1873       1    0.964 0.003983       0.9563        0.972
  5.42   1872       1    0.964 0.004014       0.9557        0.971
  5.43   1864       1    0.963 0.004045       0.9552        0.971
  5.46   1856       1    0.963 0.004076       0.9546        0.971
  5.48   1853       1    0.962 0.004107       0.9540        0.970
  5.48   1852       1    0.961 0.004137       0.9534        0.970
  5.48   1849       1    0.961 0.004168       0.9528        0.969
  5.49   1847       1    0.960 0.004198       0.9523        0.969
  5.49   1846       1    0.960 0.004228       0.9517        0.968
  5.49   1841       1    0.959 0.004257       0.9511        0.968
  5.55   1824       1    0.959 0.004287       0.9505        0.967
  5.55   1821       1    0.958 0.004317       0.9499        0.967
  5.55   1820       1    0.958 0.004347       0.9493        0.966
  5.58   1813       1    0.957 0.004376       0.9488        0.966
  5.58   1810       1    0.957 0.004406       0.9482        0.965
  5.59   1807       1    0.956 0.004435       0.9476        0.965
  5.59   1806       1    0.956 0.004464       0.9470        0.965
  5.61   1799       1    0.955 0.004493       0.9464        0.964
  5.62   1794       1    0.955 0.004522       0.9458        0.964
  5.62   1791       1    0.954 0.004551       0.9452        0.963
  5.64   1787       1    0.954 0.004579       0.9446        0.963
  5.65   1782       1    0.953 0.004608       0.9441        0.962
  5.68   1771       1    0.953 0.004637       0.9435        0.962
  5.68   1770       1    0.952 0.004665       0.9429        0.961
  5.71   1761       1    0.951 0.004694       0.9423        0.961
  5.71   1760       1    0.951 0.004722       0.9417        0.960
  5.71   1755       1    0.950 0.004751       0.9411        0.960
  5.76   1739       1    0.950 0.004779       0.9405        0.959
  5.77   1736       1    0.949 0.004808       0.9399        0.959
  5.81   1724       1    0.949 0.004836       0.9393        0.958
  5.82   1720       1    0.948 0.004865       0.9387        0.958
  5.84   1716       1    0.948 0.004893       0.9381        0.957
  5.89   1709       1    0.947 0.004922       0.9374        0.957
  5.90   1705       1    0.946 0.004950       0.9368        0.956
  5.94   1691       1    0.946 0.004979       0.9362        0.956
  5.97   1681       1    0.945 0.005007       0.9356        0.955
  5.99   1676       1    0.945 0.005036       0.9350        0.955
  6.00   1672       1    0.944 0.005065       0.9344        0.954
  6.00   1670       1    0.944 0.005093       0.9337        0.954
  6.03   1661       1    0.943 0.005122       0.9331        0.953
  6.03   1660       1    0.943 0.005150       0.9325        0.953
  6.03   1658       1    0.942 0.005178       0.9319        0.952
  6.04   1655       1    0.941 0.005206       0.9312        0.952
  6.06   1649       1    0.941 0.005234       0.9306        0.951
  6.06   1648       1    0.940 0.005262       0.9300        0.951
  6.08   1639       1    0.940 0.005290       0.9294        0.950
  6.10   1633       1    0.939 0.005318       0.9287        0.950
  6.10   1630       1    0.939 0.005346       0.9281        0.949
  6.11   1628       1    0.938 0.005374       0.9275        0.949
  6.12   1627       1    0.937 0.005401       0.9269        0.948
  6.12   1625       1    0.937 0.005428       0.9262        0.948
  6.14   1613       1    0.936 0.005456       0.9256        0.947
  6.16   1608       1    0.936 0.005484       0.9250        0.946
  6.18   1602       1    0.935 0.005511       0.9243        0.946
  6.18   1600       1    0.934 0.005539       0.9237        0.945
  6.26   1576       1    0.934 0.005567       0.9230        0.945
  6.27   1570       1    0.933 0.005595       0.9224        0.944
  6.32   1551       1    0.933 0.005624       0.9217        0.944
  6.33   1548       1    0.932 0.005652       0.9211        0.943
  6.34   1545       1    0.931 0.005681       0.9204        0.943
  6.35   1544       1    0.931 0.005709       0.9197        0.942
  6.35   1543       1    0.930 0.005737       0.9191        0.942
  6.35   1541       1    0.930 0.005765       0.9184        0.941
  6.36   1538       1    0.929 0.005793       0.9178        0.940
 [ reached getOption("max.print") -- omitted 316 rows ]

