Call: survfit(formula = Surv(LoS, mort_hospital == 1) ~ gender, data = Covid_data)

201 observations deleted due to missingness 
                gender=0 
  time n.risk n.event survival  std.err lower 95% CI upper 95% CI
  2.18   4626       1   0.9998 0.000216       0.9994        1.000
  2.22   4623       1   0.9996 0.000306       0.9990        1.000
  2.50   4594       1   0.9993 0.000375       0.9986        1.000
  2.79   4548       1   0.9991 0.000435       0.9983        1.000
  2.85   4533       1   0.9989 0.000487       0.9980        1.000
  3.12   4467       1   0.9987 0.000536       0.9976        1.000
  3.13   4466       1   0.9985 0.000581       0.9973        1.000
  3.21   4434       1   0.9982 0.000623       0.9970        0.999
  3.23   4423       1   0.9980 0.000662       0.9967        0.999
  3.27   4407       1   0.9978 0.000700       0.9964        0.999
  3.29   4399       1   0.9976 0.000735       0.9961        0.999
  3.31   4390       1   0.9973 0.000770       0.9958        0.999
  3.38   4362       1   0.9971 0.000803       0.9955        0.999
  3.39   4358       1   0.9969 0.000834       0.9952        0.999
  3.40   4352       1   0.9966 0.000865       0.9950        0.998
  3.42   4347       1   0.9964 0.000895       0.9947        0.998
  3.45   4336       1   0.9962 0.000924       0.9944        0.998
  3.55   4287       1   0.9960 0.000952       0.9941        0.998
  3.56   4285       1   0.9957 0.000980       0.9938        0.998
  3.58   4277       1   0.9955 0.001007       0.9935        0.997
  3.60   4269       1   0.9953 0.001033       0.9932        0.997
  3.63   4256       1   0.9950 0.001059       0.9929        0.997
  3.64   4250       1   0.9948 0.001085       0.9927        0.997
  3.65   4247       1   0.9946 0.001109       0.9924        0.997
  3.78   4188       1   0.9943 0.001134       0.9921        0.997
  3.79   4182       1   0.9941 0.001159       0.9918        0.996
  3.82   4167       1   0.9938 0.001183       0.9915        0.996
  3.82   4164       1   0.9936 0.001206       0.9912        0.996
  3.83   4162       1   0.9934 0.001229       0.9910        0.996
  3.87   4144       1   0.9931 0.001252       0.9907        0.996
  3.87   4141       1   0.9929 0.001275       0.9904        0.995
  3.91   4125       1   0.9926 0.001297       0.9901        0.995
  3.91   4121       1   0.9924 0.001319       0.9898        0.995
  3.93   4112       1   0.9922 0.001340       0.9895        0.995
  3.93   4109       1   0.9919 0.001361       0.9893        0.995
  3.97   4087       1   0.9917 0.001383       0.9890        0.994
  3.99   4079       1   0.9914 0.001403       0.9887        0.994
  3.99   4076       1   0.9912 0.001424       0.9884        0.994
  4.02   4062       1   0.9909 0.001444       0.9881        0.994
  4.03   4055       1   0.9907 0.001465       0.9878        0.994
  4.04   4051       1   0.9905 0.001485       0.9876        0.993
  4.05   4048       1   0.9902 0.001504       0.9873        0.993
  4.07   4029       1   0.9900 0.001524       0.9870        0.993
  4.07   4028       1   0.9897 0.001543       0.9867        0.993
  4.08   4021       1   0.9895 0.001562       0.9864        0.993
  4.10   4011       1   0.9892 0.001581       0.9861        0.992
  4.12   4000       1   0.9890 0.001600       0.9858        0.992
  4.13   3995       1   0.9887 0.001619       0.9856        0.992
  4.14   3989       1   0.9885 0.001637       0.9853        0.992
  4.15   3977       1   0.9882 0.001655       0.9850        0.991
  4.17   3964       1   0.9880 0.001674       0.9847        0.991
  4.19   3952       1   0.9877 0.001692       0.9844        0.991
  4.23   3926       1   0.9875 0.001710       0.9841        0.991
  4.25   3915       1   0.9872 0.001728       0.9839        0.991
  4.26   3906       1   0.9870 0.001746       0.9836        0.990
  4.28   3902       1   0.9867 0.001764       0.9833        0.990
  4.28   3899       1   0.9865 0.001781       0.9830        0.990
  4.28   3898       1   0.9862 0.001799       0.9827        0.990
  4.29   3895       1   0.9860 0.001816       0.9824        0.990
  4.29   3890       1   0.9857 0.001833       0.9821        0.989
  4.33   3863       1   0.9855 0.001850       0.9818        0.989
  4.34   3857       1   0.9852 0.001868       0.9815        0.989
  4.34   3856       1   0.9849 0.001884       0.9813        0.989
  4.42   3815       1   0.9847 0.001902       0.9810        0.988
  4.42   3814       1   0.9844 0.001919       0.9807        0.988
  4.44   3801       1   0.9842 0.001935       0.9804        0.988
  4.47   3782       1   0.9839 0.001952       0.9801        0.988
  4.47   3778       1   0.9837 0.001969       0.9798        0.988
  4.48   3777       1   0.9834 0.001986       0.9795        0.987
  4.48   3773       1   0.9831 0.002002       0.9792        0.987
  4.48   3772       1   0.9829 0.002019       0.9789        0.987
  4.49   3770       1   0.9826 0.002035       0.9786        0.987
  4.51   3745       1   0.9823 0.002051       0.9783        0.986
  4.52   3742       1   0.9821 0.002067       0.9780        0.986
  4.53   3733       1   0.9818 0.002083       0.9777        0.986
  4.54   3728       1   0.9816 0.002099       0.9775        0.986
  4.54   3727       1   0.9813 0.002115       0.9772        0.985
  4.54   3721       1   0.9810 0.002131       0.9769        0.985
  4.56   3709       1   0.9808 0.002147       0.9766        0.985
  4.56   3707       1   0.9805 0.002163       0.9763        0.985
  4.57   3705       1   0.9802 0.002178       0.9760        0.985
  4.62   3669       1   0.9800 0.002194       0.9757        0.984
  4.63   3661       1   0.9797 0.002210       0.9754        0.984
  4.68   3622       1   0.9794 0.002225       0.9751        0.984
  4.70   3609       1   0.9792 0.002241       0.9748        0.984
  4.70   3607       1   0.9789 0.002257       0.9745        0.983
  4.74   3584       1   0.9786 0.002273       0.9742        0.983
  4.74   3583       1   0.9783 0.002289       0.9739        0.983
  4.77   3567       1   0.9781 0.002304       0.9736        0.983
  4.77   3561       1   0.9778 0.002320       0.9733        0.982
  4.79   3546       1   0.9775 0.002336       0.9730        0.982
  4.82   3529       1   0.9772 0.002351       0.9726        0.982
  4.82   3524       1   0.9770 0.002367       0.9723        0.982
  4.87   3498       1   0.9767 0.002383       0.9720        0.981
  4.87   3495       1   0.9764 0.002398       0.9717        0.981
  4.88   3492       1   0.9761 0.002414       0.9714        0.981
  4.89   3482       1   0.9758 0.002429       0.9711        0.981
  4.92   3463       1   0.9756 0.002445       0.9708        0.980
  4.93   3455       1   0.9753 0.002461       0.9705        0.980
  4.94   3451       1   0.9750 0.002476       0.9702        0.980
  4.94   3449       1   0.9747 0.002491       0.9698        0.980
  4.94   3446       1   0.9744 0.002507       0.9695        0.979
  4.96   3437       1   0.9741 0.002522       0.9692        0.979
  4.96   3435       1   0.9739 0.002537       0.9689        0.979
  4.98   3429       1   0.9736 0.002552       0.9686        0.979
  5.00   3412       1   0.9733 0.002567       0.9683        0.978
  5.02   3405       1   0.9730 0.002582       0.9680        0.978
  5.05   3384       1   0.9727 0.002598       0.9676        0.978
  5.10   3349       1   0.9724 0.002613       0.9673        0.978
  5.12   3339       1   0.9721 0.002628       0.9670        0.977
  5.13   3334       1   0.9718 0.002644       0.9667        0.977
  5.13   3333       1   0.9716 0.002659       0.9664        0.977
  5.14   3323       1   0.9713 0.002674       0.9660        0.977
  5.14   3319       1   0.9710 0.002689       0.9657        0.976
  5.17   3298       1   0.9707 0.002705       0.9654        0.976
  5.18   3291       1   0.9704 0.002720       0.9651        0.976
  5.19   3277       1   0.9701 0.002735       0.9647        0.975
  5.20   3264       1   0.9698 0.002750       0.9644        0.975
  5.21   3262       1   0.9695 0.002766       0.9641        0.975
  5.21   3260       1   0.9692 0.002781       0.9638        0.975
  5.22   3256       1   0.9689 0.002796       0.9634        0.974
  5.23   3251       1   0.9686 0.002811       0.9631        0.974
  5.23   3242       1   0.9683 0.002826       0.9628        0.974
  5.25   3234       1   0.9680 0.002841       0.9624        0.974
  5.25   3233       1   0.9677 0.002855       0.9621        0.973
  5.30   3205       1   0.9674 0.002871       0.9618        0.973
  5.32   3187       1   0.9671 0.002886       0.9615        0.973
  5.34   3172       1   0.9668 0.002901       0.9611        0.972
  5.36   3163       1   0.9665 0.002916       0.9608        0.972
  5.36   3159       1   0.9662 0.002931       0.9605        0.972
  5.37   3153       1   0.9659 0.002946       0.9601        0.972
  5.39   3144       1   0.9656 0.002961       0.9598        0.971
  5.43   3116       1   0.9653 0.002976       0.9594        0.971
  5.44   3109       1   0.9649 0.002991       0.9591        0.971
  5.46   3094       1   0.9646 0.003007       0.9588        0.971
  5.48   3086       1   0.9643 0.003022       0.9584        0.970
  5.48   3085       1   0.9640 0.003037       0.9581        0.970
  5.48   3081       1   0.9637 0.003052       0.9577        0.970
  5.49   3080       1   0.9634 0.003067       0.9574        0.969
  5.49   3078       1   0.9631 0.003082       0.9570        0.969
  5.53   3050       1   0.9628 0.003097       0.9567        0.969
  5.53   3049       1   0.9624 0.003112       0.9564        0.969
 [ reached getOption("max.print") -- omitted 494 rows ]

                gender=1 
  time n.risk n.event survival  std.err lower 95% CI upper 95% CI
  2.24   5123       1   0.9998 0.000195       0.9994        1.000
  2.92   5078       1   0.9996 0.000277       0.9991        1.000
  2.96   5067       1   0.9994 0.000340       0.9987        1.000
  3.03   5058       1   0.9992 0.000393       0.9984        1.000
  3.05   5055       1   0.9990 0.000440       0.9982        1.000
  3.05   5054       1   0.9988 0.000482       0.9979        1.000
  3.28   5021       1   0.9986 0.000522       0.9976        1.000
  3.29   5020       1   0.9984 0.000558       0.9973        1.000
  3.38   5010       1   0.9982 0.000593       0.9971        0.999
  3.39   5008       1   0.9980 0.000625       0.9968        0.999
  3.47   4990       1   0.9978 0.000656       0.9965        0.999
  3.50   4984       1   0.9976 0.000686       0.9963        0.999
  3.52   4979       1   0.9974 0.000714       0.9960        0.999
  3.54   4971       1   0.9972 0.000742       0.9958        0.999
  3.62   4944       1   0.9970 0.000769       0.9955        0.999
  3.63   4940       1   0.9968 0.000795       0.9953        0.998
  3.65   4931       1   0.9966 0.000820       0.9950        0.998
  3.76   4903       1   0.9964 0.000844       0.9948        0.998
  3.81   4888       1   0.9962 0.000869       0.9945        0.998
  3.85   4876       1   0.9960 0.000892       0.9943        0.998
  3.87   4871       1   0.9958 0.000915       0.9940        0.998
  3.90   4864       1   0.9956 0.000937       0.9938        0.997
  3.91   4860       1   0.9954 0.000959       0.9935        0.997
  3.91   4859       1   0.9952 0.000981       0.9933        0.997
  3.93   4852       1   0.9950 0.001002       0.9930        0.997
  3.97   4841       1   0.9948 0.001022       0.9928        0.997
  3.99   4832       1   0.9946 0.001043       0.9925        0.997
  4.01   4823       1   0.9944 0.001063       0.9923        0.996
  4.04   4809       1   0.9942 0.001082       0.9920        0.996
  4.06   4806       1   0.9939 0.001102       0.9918        0.996
  4.09   4795       1   0.9937 0.001121       0.9915        0.996
  4.09   4793       1   0.9935 0.001140       0.9913        0.996
  4.13   4782       1   0.9933 0.001158       0.9911        0.996
  4.13   4778       1   0.9931 0.001177       0.9908        0.995
  4.17   4768       1   0.9929 0.001195       0.9906        0.995
  4.21   4753       1   0.9927 0.001212       0.9903        0.995
  4.21   4751       1   0.9925 0.001230       0.9901        0.995
  4.23   4744       1   0.9923 0.001247       0.9898        0.995
  4.31   4710       1   0.9921 0.001265       0.9896        0.995
  4.32   4708       1   0.9919 0.001282       0.9894        0.994
  4.32   4705       1   0.9916 0.001299       0.9891        0.994
  4.33   4700       1   0.9914 0.001316       0.9889        0.994
  4.34   4694       1   0.9912 0.001332       0.9886        0.994
  4.38   4681       1   0.9910 0.001349       0.9884        0.994
  4.39   4677       1   0.9908 0.001365       0.9881        0.993
  4.40   4675       1   0.9906 0.001381       0.9879        0.993
  4.40   4674       1   0.9904 0.001397       0.9876        0.993
  4.44   4660       1   0.9902 0.001413       0.9874        0.993
  4.45   4656       1   0.9900 0.001428       0.9872        0.993
  4.50   4635       1   0.9897 0.001444       0.9869        0.993
  4.52   4623       1   0.9895 0.001459       0.9867        0.992
  4.52   4622       1   0.9893 0.001475       0.9864        0.992
  4.53   4620       1   0.9891 0.001490       0.9862        0.992
  4.55   4615       1   0.9889 0.001505       0.9859        0.992
  4.55   4614       1   0.9887 0.001520       0.9857        0.992
  4.55   4612       1   0.9885 0.001534       0.9855        0.991
  4.57   4602       1   0.9882 0.001549       0.9852        0.991
  4.61   4589       1   0.9880 0.001564       0.9850        0.991
  4.61   4586       1   0.9878 0.001578       0.9847        0.991
  4.63   4579       1   0.9876 0.001592       0.9845        0.991
  4.64   4578       1   0.9874 0.001607       0.9842        0.991
  4.67   4569       1   0.9872 0.001621       0.9840        0.990
  4.68   4564       1   0.9869 0.001635       0.9837        0.990
  4.73   4534       1   0.9867 0.001649       0.9835        0.990
  4.74   4531       1   0.9865 0.001663       0.9833        0.990
  4.74   4530       1   0.9863 0.001677       0.9830        0.990
  4.78   4512       1   0.9861 0.001690       0.9828        0.989
  4.81   4506       1   0.9859 0.001704       0.9825        0.989
  4.81   4504       1   0.9856 0.001718       0.9823        0.989
  4.84   4489       1   0.9854 0.001731       0.9820        0.989
  4.84   4487       1   0.9852 0.001745       0.9818        0.989
  4.87   4474       1   0.9850 0.001758       0.9815        0.988
  4.87   4472       1   0.9848 0.001772       0.9813        0.988
  4.88   4458       1   0.9845 0.001785       0.9810        0.988
  4.90   4449       1   0.9843 0.001798       0.9808        0.988
  4.90   4446       1   0.9841 0.001811       0.9806        0.988
  4.90   4445       1   0.9839 0.001824       0.9803        0.987
  4.92   4439       1   0.9837 0.001837       0.9801        0.987
  4.92   4438       1   0.9834 0.001850       0.9798        0.987
  4.94   4430       1   0.9832 0.001863       0.9796        0.987
  4.97   4414       1   0.9830 0.001876       0.9793        0.987
  4.98   4412       1   0.9828 0.001889       0.9791        0.986
  5.02   4396       1   0.9825 0.001902       0.9788        0.986
  5.03   4388       1   0.9823 0.001914       0.9786        0.986
  5.04   4378       1   0.9821 0.001927       0.9783        0.986
  5.05   4370       1   0.9819 0.001940       0.9781        0.986
  5.09   4345       1   0.9816 0.001952       0.9778        0.985
  5.10   4344       1   0.9814 0.001965       0.9776        0.985
  5.11   4335       1   0.9812 0.001977       0.9773        0.985
  5.11   4334       1   0.9810 0.001990       0.9771        0.985
  5.15   4299       1   0.9807 0.002002       0.9768        0.985
  5.15   4297       1   0.9805 0.002015       0.9766        0.984
  5.18   4282       1   0.9803 0.002027       0.9763        0.984
  5.21   4267       1   0.9800 0.002040       0.9761        0.984
  5.22   4260       1   0.9798 0.002052       0.9758        0.984
  5.23   4253       1   0.9796 0.002065       0.9755        0.984
  5.24   4247       1   0.9794 0.002077       0.9753        0.983
  5.25   4243       1   0.9791 0.002089       0.9750        0.983
  5.25   4241       1   0.9789 0.002102       0.9748        0.983
  5.26   4235       1   0.9787 0.002114       0.9745        0.983
  5.26   4232       1   0.9784 0.002126       0.9743        0.983
  5.27   4229       1   0.9782 0.002138       0.9740        0.982
  5.27   4225       1   0.9780 0.002150       0.9738        0.982
  5.27   4220       1   0.9777 0.002162       0.9735        0.982
  5.28   4218       1   0.9775 0.002174       0.9733        0.982
  5.31   4198       1   0.9773 0.002186       0.9730        0.982
  5.32   4196       1   0.9770 0.002198       0.9727        0.981
  5.34   4189       1   0.9768 0.002209       0.9725        0.981
  5.34   4188       1   0.9766 0.002221       0.9722        0.981
  5.34   4185       1   0.9763 0.002233       0.9720        0.981
  5.35   4180       1   0.9761 0.002244       0.9717        0.981
  5.37   4172       1   0.9759 0.002256       0.9715        0.980
  5.37   4170       1   0.9756 0.002268       0.9712        0.980
  5.38   4166       1   0.9754 0.002279       0.9709        0.980
  5.39   4162       1   0.9752 0.002291       0.9707        0.980
  5.42   4144       1   0.9749 0.002302       0.9704        0.979
  5.42   4142       1   0.9747 0.002314       0.9702        0.979
  5.42   4141       1   0.9745 0.002325       0.9699        0.979
  5.43   4132       1   0.9742 0.002336       0.9697        0.979
  5.44   4128       1   0.9740 0.002348       0.9694        0.979
  5.45   4123       1   0.9738 0.002359       0.9691        0.978
  5.45   4122       1   0.9735 0.002370       0.9689        0.978
  5.45   4121       1   0.9733 0.002381       0.9686        0.978
  5.45   4120       1   0.9730 0.002392       0.9684        0.978
  5.46   4118       1   0.9728 0.002404       0.9681        0.978
  5.46   4115       1   0.9726 0.002415       0.9679        0.977
  5.48   4109       1   0.9723 0.002426       0.9676        0.977
  5.48   4105       1   0.9721 0.002436       0.9673        0.977
  5.49   4103       1   0.9719 0.002447       0.9671        0.977
  5.49   4097       1   0.9716 0.002458       0.9668        0.976
  5.54   4072       1   0.9714 0.002469       0.9666        0.976
  5.55   4066       1   0.9711 0.002480       0.9663        0.976
  5.55   4065       1   0.9709 0.002491       0.9660        0.976
  5.55   4060       1   0.9707 0.002502       0.9658        0.976
  5.56   4059       1   0.9704 0.002513       0.9655        0.975
  5.56   4058       1   0.9702 0.002523       0.9653        0.975
  5.58   4047       1   0.9700 0.002534       0.9650        0.975
  5.59   4040       1   0.9697 0.002545       0.9647        0.975
  5.61   4031       1   0.9695 0.002556       0.9645        0.974
  5.62   4024       1   0.9692 0.002566       0.9642        0.974
  5.63   4020       1   0.9690 0.002577       0.9640        0.974
  5.63   4018       1   0.9687 0.002587       0.9637        0.974
 [ reached getOption("max.print") -- omitted 867 rows ]

