Call: survfit(formula = Surv(LoS, mort_hospital == 1) ~ 1, data = Covid_data)

201 observations deleted due to missingness 
  time n.risk n.event survival  std.err lower 95% CI upper 95% CI
  2.18   9752       1   0.9999 0.000103       0.9997        1.000
  2.22   9748       1   0.9998 0.000145       0.9995        1.000
  2.24   9744       1   0.9997 0.000178       0.9993        1.000
  2.50   9708       1   0.9996 0.000205       0.9992        1.000
  2.79   9639       1   0.9995 0.000230       0.9990        1.000
  2.85   9617       1   0.9994 0.000252       0.9989        1.000
  2.92   9595       1   0.9993 0.000273       0.9987        1.000
  2.96   9569       1   0.9992 0.000292       0.9986        1.000
  3.03   9549       1   0.9991 0.000310       0.9985        1.000
  3.05   9540       1   0.9990 0.000328       0.9983        1.000
  3.05   9538       1   0.9989 0.000344       0.9982        1.000
  3.12   9515       1   0.9988 0.000359       0.9980        0.999
  3.13   9512       1   0.9986 0.000374       0.9979        0.999
  3.21   9469       1   0.9985 0.000389       0.9978        0.999
  3.23   9454       1   0.9984 0.000403       0.9976        0.999
  3.27   9430       1   0.9983 0.000417       0.9975        0.999
  3.28   9423       1   0.9982 0.000430       0.9974        0.999
  3.29   9422       1   0.9981 0.000443       0.9973        0.999
  3.29   9417       1   0.9980 0.000455       0.9971        0.999
  3.31   9404       1   0.9979 0.000467       0.9970        0.999
  3.38   9373       1   0.9978 0.000479       0.9969        0.999
  3.38   9371       1   0.9977 0.000491       0.9967        0.999
  3.39   9366       1   0.9976 0.000502       0.9966        0.999
  3.39   9365       1   0.9975 0.000513       0.9965        0.998
  3.40   9355       1   0.9974 0.000524       0.9963        0.998
  3.42   9348       1   0.9973 0.000535       0.9962        0.998
  3.45   9327       1   0.9972 0.000545       0.9961        0.998
  3.47   9318       1   0.9971 0.000556       0.9960        0.998
  3.50   9298       1   0.9969 0.000566       0.9958        0.998
  3.52   9285       1   0.9968 0.000576       0.9957        0.998
  3.54   9268       1   0.9967 0.000586       0.9956        0.998
  3.55   9253       1   0.9966 0.000596       0.9955        0.998
  3.56   9250       1   0.9965 0.000605       0.9953        0.998
  3.58   9233       1   0.9964 0.000615       0.9952        0.998
  3.60   9222       1   0.9963 0.000624       0.9951        0.998
  3.62   9204       1   0.9962 0.000633       0.9950        0.997
  3.63   9196       1   0.9961 0.000643       0.9948        0.997
  3.63   9195       1   0.9960 0.000652       0.9947        0.997
  3.64   9185       1   0.9959 0.000660       0.9946        0.997
  3.65   9179       1   0.9958 0.000669       0.9944        0.997
  3.65   9173       1   0.9957 0.000678       0.9943        0.997
  3.76   9100       1   0.9955 0.000687       0.9942        0.997
  3.78   9088       1   0.9954 0.000695       0.9941        0.997
  3.79   9081       1   0.9953 0.000704       0.9939        0.997
  3.81   9056       1   0.9952 0.000712       0.9938        0.997
  3.82   9053       1   0.9951 0.000720       0.9937        0.997
  3.82   9050       1   0.9950 0.000729       0.9936        0.996
  3.83   9047       1   0.9949 0.000737       0.9934        0.996
  3.85   9028       1   0.9948 0.000745       0.9933        0.996
  3.87   9016       1   0.9947 0.000753       0.9932        0.996
  3.87   9014       1   0.9946 0.000761       0.9931        0.996
  3.87   9011       1   0.9944 0.000769       0.9929        0.996
  3.90   8992       1   0.9943 0.000777       0.9928        0.996
  3.91   8985       1   0.9942 0.000784       0.9927        0.996
  3.91   8981       1   0.9941 0.000792       0.9926        0.996
  3.91   8980       1   0.9940 0.000800       0.9924        0.996
  3.91   8979       1   0.9939 0.000807       0.9923        0.995
  3.93   8967       1   0.9938 0.000815       0.9922        0.995
  3.93   8961       1   0.9937 0.000822       0.9921        0.995
  3.93   8960       1   0.9936 0.000830       0.9919        0.995
  3.97   8929       1   0.9934 0.000837       0.9918        0.995
  3.97   8926       1   0.9933 0.000844       0.9917        0.995
  3.99   8911       1   0.9932 0.000851       0.9916        0.995
  3.99   8910       1   0.9931 0.000859       0.9914        0.995
  3.99   8905       1   0.9930 0.000866       0.9913        0.995
  4.01   8888       1   0.9929 0.000873       0.9912        0.995
  4.02   8880       1   0.9928 0.000880       0.9911        0.995
  4.03   8868       1   0.9927 0.000887       0.9909        0.994
  4.04   8862       1   0.9926 0.000894       0.9908        0.994
  4.04   8859       1   0.9924 0.000901       0.9907        0.994
  4.05   8854       1   0.9923 0.000908       0.9905        0.994
  4.06   8844       1   0.9922 0.000914       0.9904        0.994
  4.07   8829       1   0.9921 0.000921       0.9903        0.994
  4.07   8826       1   0.9920 0.000928       0.9902        0.994
  4.08   8818       1   0.9919 0.000935       0.9900        0.994
  4.09   8811       1   0.9918 0.000941       0.9899        0.994
  4.09   8807       1   0.9917 0.000948       0.9898        0.994
  4.10   8802       1   0.9915 0.000954       0.9897        0.993
  4.12   8783       1   0.9914 0.000961       0.9895        0.993
  4.13   8777       1   0.9913 0.000967       0.9894        0.993
  4.13   8776       1   0.9912 0.000974       0.9893        0.993
  4.13   8771       1   0.9911 0.000980       0.9892        0.993
  4.14   8765       1   0.9910 0.000987       0.9890        0.993
  4.15   8750       1   0.9909 0.000993       0.9889        0.993
  4.17   8732       1   0.9907 0.000999       0.9888        0.993
  4.17   8731       1   0.9906 0.001006       0.9887        0.993
  4.19   8714       1   0.9905 0.001012       0.9885        0.993
  4.21   8696       1   0.9904 0.001018       0.9884        0.992
  4.21   8692       1   0.9903 0.001024       0.9883        0.992
  4.23   8670       1   0.9902 0.001031       0.9882        0.992
  4.23   8669       1   0.9901 0.001037       0.9880        0.992
  4.25   8651       1   0.9899 0.001043       0.9879        0.992
  4.26   8634       1   0.9898 0.001049       0.9878        0.992
  4.28   8627       1   0.9897 0.001055       0.9877        0.992
  4.28   8617       1   0.9896 0.001061       0.9875        0.992
  4.28   8616       1   0.9895 0.001068       0.9874        0.992
  4.29   8612       1   0.9894 0.001074       0.9873        0.991
  4.29   8607       1   0.9893 0.001080       0.9871        0.991
  4.31   8584       1   0.9891 0.001086       0.9870        0.991
  4.32   8580       1   0.9890 0.001092       0.9869        0.991
  4.32   8571       1   0.9889 0.001098       0.9868        0.991
  4.33   8563       1   0.9888 0.001103       0.9866        0.991
  4.33   8562       1   0.9887 0.001109       0.9865        0.991
  4.34   8553       1   0.9886 0.001115       0.9864        0.991
  4.34   8551       1   0.9885 0.001121       0.9863        0.991
  4.34   8547       1   0.9883 0.001127       0.9861        0.991
  4.38   8519       1   0.9882 0.001133       0.9860        0.990
  4.39   8512       1   0.9881 0.001139       0.9859        0.990
  4.40   8505       1   0.9880 0.001144       0.9857        0.990
  4.40   8498       1   0.9879 0.001150       0.9856        0.990
  4.42   8485       1   0.9878 0.001156       0.9855        0.990
  4.42   8484       1   0.9876 0.001162       0.9854        0.990
  4.44   8465       1   0.9875 0.001167       0.9852        0.990
  4.44   8458       1   0.9874 0.001173       0.9851        0.990
  4.45   8452       1   0.9873 0.001179       0.9850        0.990
  4.47   8431       1   0.9872 0.001184       0.9849        0.989
  4.47   8426       1   0.9871 0.001190       0.9847        0.989
  4.48   8422       1   0.9869 0.001196       0.9846        0.989
  4.48   8415       1   0.9868 0.001201       0.9845        0.989
  4.48   8414       1   0.9867 0.001207       0.9843        0.989
  4.49   8410       1   0.9866 0.001212       0.9842        0.989
  4.50   8397       1   0.9865 0.001218       0.9841        0.989
  4.51   8373       1   0.9864 0.001223       0.9840        0.989
  4.52   8365       1   0.9862 0.001229       0.9838        0.989
  4.52   8364       1   0.9861 0.001234       0.9837        0.989
  4.52   8362       1   0.9860 0.001240       0.9836        0.988
  4.53   8355       1   0.9859 0.001245       0.9834        0.988
  4.53   8352       1   0.9858 0.001251       0.9833        0.988
  4.54   8346       1   0.9856 0.001256       0.9832        0.988
  4.54   8344       1   0.9855 0.001261       0.9831        0.988
  4.54   8337       1   0.9854 0.001267       0.9829        0.988
  4.55   8334       1   0.9853 0.001272       0.9828        0.988
  4.55   8331       1   0.9852 0.001278       0.9827        0.988
  4.55   8326       1   0.9851 0.001283       0.9825        0.988
  4.56   8318       1   0.9849 0.001288       0.9824        0.987
  4.56   8315       1   0.9848 0.001293       0.9823        0.987
  4.57   8311       1   0.9847 0.001299       0.9822        0.987
  4.57   8302       1   0.9846 0.001304       0.9820        0.987
  4.61   8272       1   0.9845 0.001309       0.9819        0.987
  4.61   8268       1   0.9843 0.001314       0.9818        0.987
  4.62   8249       1   0.9842 0.001320       0.9816        0.987
  4.63   8240       1   0.9841 0.001325       0.9815        0.987
 [ reached getOption("max.print") -- omitted 1503 rows ]
