Call: survfit(formula = Surv(LoS, mort_hospital == 1) ~ wave, data = Covid_data)

201 observations deleted due to missingness 
                wave=1 
  time n.risk n.event survival  std.err lower 95% CI upper 95% CI
  2.18   3513       1    1.000 0.000285        0.999        1.000
  2.22   3512       1    0.999 0.000402        0.999        1.000
  2.79   3486       1    0.999 0.000494        0.998        1.000
  2.92   3476       1    0.999 0.000571        0.998        1.000
  3.03   3464       1    0.999 0.000640        0.997        1.000
  3.13   3452       1    0.998 0.000702        0.997        1.000
  3.21   3441       1    0.998 0.000759        0.997        0.999
  3.38   3420       1    0.998 0.000813        0.996        0.999
  3.40   3414       1    0.997 0.000864        0.996        0.999
  3.65   3369       1    0.997 0.000913        0.995        0.999
  3.79   3332       1    0.997 0.000961        0.995        0.999
  3.82   3326       1    0.997 0.001006        0.995        0.998
  3.91   3304       1    0.996 0.001050        0.994        0.998
  3.99   3280       1    0.996 0.001093        0.994        0.998
  4.04   3271       1    0.996 0.001134        0.993        0.998
  4.07   3261       1    0.995 0.001174        0.993        0.998
  4.13   3249       1    0.995 0.001213        0.993        0.997
  4.25   3216       1    0.995 0.001251        0.992        0.997
  4.26   3210       1    0.994 0.001289        0.992        0.997
  4.34   3189       1    0.994 0.001326        0.991        0.997
  4.39   3175       1    0.994 0.001362        0.991        0.996
  4.42   3165       1    0.993 0.001397        0.991        0.996
  4.42   3164       1    0.993 0.001431        0.990        0.996
  4.48   3140       1    0.993 0.001465        0.990        0.996
  4.52   3122       1    0.992 0.001499        0.990        0.995
  4.53   3119       1    0.992 0.001532        0.989        0.995
  4.54   3114       1    0.992 0.001564        0.989        0.995
  4.54   3109       1    0.992 0.001596        0.988        0.995
  4.55   3106       1    0.991 0.001627        0.988        0.994
  4.56   3102       1    0.991 0.001658        0.988        0.994
  4.63   3081       1    0.991 0.001688        0.987        0.994
  4.64   3080       1    0.990 0.001718        0.987        0.994
  4.74   3048       1    0.990 0.001748        0.986        0.993
  4.77   3038       1    0.990 0.001777        0.986        0.993
  4.77   3037       1    0.989 0.001806        0.986        0.993
  4.79   3032       1    0.989 0.001835        0.985        0.993
  4.84   3017       1    0.989 0.001863        0.985        0.992
  4.87   3009       1    0.988 0.001891        0.985        0.992
  4.87   3005       1    0.988 0.001919        0.984        0.992
  4.88   2999       1    0.988 0.001947        0.984        0.991
  4.90   2993       1    0.987 0.001974        0.983        0.991
  4.92   2985       1    0.987 0.002001        0.983        0.991
  4.92   2983       1    0.987 0.002027        0.983        0.991
  4.93   2981       1    0.986 0.002053        0.982        0.990
  4.94   2975       1    0.986 0.002079        0.982        0.990
  4.96   2969       1    0.986 0.002105        0.982        0.990
  4.96   2966       1    0.985 0.002130        0.981        0.989
  4.98   2963       1    0.985 0.002155        0.981        0.989
  5.03   2944       1    0.985 0.002180        0.980        0.989
  5.11   2908       1    0.984 0.002206        0.980        0.989
  5.13   2892       1    0.984 0.002231        0.980        0.988
  5.14   2885       1    0.984 0.002256        0.979        0.988
  5.15   2877       1    0.983 0.002281        0.979        0.988
  5.17   2872       1    0.983 0.002306        0.978        0.987
  5.19   2858       1    0.983 0.002331        0.978        0.987
  5.23   2845       1    0.982 0.002355        0.978        0.987
  5.23   2840       1    0.982 0.002380        0.977        0.987
  5.24   2836       1    0.982 0.002404        0.977        0.986
  5.25   2828       1    0.981 0.002428        0.976        0.986
  5.27   2819       1    0.981 0.002452        0.976        0.986
  5.35   2787       1    0.981 0.002476        0.976        0.985
  5.37   2779       1    0.980 0.002500        0.975        0.985
  5.37   2775       1    0.980 0.002524        0.975        0.985
  5.42   2756       1    0.979 0.002548        0.974        0.984
  5.43   2751       1    0.979 0.002572        0.974        0.984
  5.44   2742       1    0.979 0.002596        0.974        0.984
  5.49   2725       1    0.978 0.002620        0.973        0.984
  5.54   2704       1    0.978 0.002643        0.973        0.983
  5.54   2700       1    0.978 0.002667        0.972        0.983
  5.55   2695       1    0.977 0.002691        0.972        0.983
  5.59   2679       1    0.977 0.002714        0.972        0.982
  5.60   2676       1    0.977 0.002738        0.971        0.982
  5.62   2667       1    0.976 0.002761        0.971        0.982
  5.62   2665       1    0.976 0.002784        0.970        0.981
  5.64   2661       1    0.975 0.002807        0.970        0.981
  5.65   2658       1    0.975 0.002830        0.970        0.981
  5.66   2650       1    0.975 0.002853        0.969        0.980
  5.70   2628       1    0.974 0.002876        0.969        0.980
  5.71   2624       1    0.974 0.002899        0.968        0.980
  5.76   2609       1    0.974 0.002921        0.968        0.979
  5.82   2591       1    0.973 0.002944        0.967        0.979
  5.82   2590       1    0.973 0.002967        0.967        0.979
  5.82   2588       1    0.972 0.002990        0.967        0.978
  5.84   2579       1    0.972 0.003012        0.966        0.978
  5.90   2563       1    0.972 0.003035        0.966        0.978
  5.92   2555       1    0.971 0.003057        0.965        0.977
  5.93   2546       1    0.971 0.003080        0.965        0.977
  6.00   2517       1    0.971 0.003103        0.965        0.977
  6.00   2513       1    0.970 0.003125        0.964        0.976
  6.03   2497       1    0.970 0.003148        0.964        0.976
  6.05   2492       1    0.969 0.003171        0.963        0.976
  6.06   2490       1    0.969 0.003193        0.963        0.975
  6.10   2475       1    0.969 0.003216        0.962        0.975
  6.10   2470       1    0.968 0.003239        0.962        0.975
  6.11   2466       1    0.968 0.003261        0.961        0.974
  6.12   2461       1    0.967 0.003283        0.961        0.974
  6.14   2453       1    0.967 0.003306        0.961        0.974
  6.16   2444       1    0.967 0.003328        0.960        0.973
  6.16   2443       1    0.966 0.003350        0.960        0.973
  6.18   2437       1    0.966 0.003372        0.959        0.973
  6.20   2425       1    0.965 0.003394        0.959        0.972
  6.24   2411       1    0.965 0.003416        0.958        0.972
  6.27   2398       1    0.965 0.003438        0.958        0.971
  6.30   2384       1    0.964 0.003461        0.958        0.971
  6.31   2382       1    0.964 0.003483        0.957        0.971
  6.35   2363       1    0.963 0.003505        0.957        0.970
  6.36   2361       1    0.963 0.003527        0.956        0.970
  6.39   2349       1    0.963 0.003549        0.956        0.970
  6.41   2347       1    0.962 0.003572        0.955        0.969
  6.41   2344       1    0.962 0.003594        0.955        0.969
  6.43   2333       1    0.961 0.003616        0.954        0.969
  6.44   2330       1    0.961 0.003638        0.954        0.968
  6.46   2323       1    0.961 0.003659        0.953        0.968
  6.48   2316       1    0.960 0.003681        0.953        0.967
  6.48   2315       1    0.960 0.003703        0.953        0.967
  6.50   2299       1    0.959 0.003725        0.952        0.967
  6.52   2294       1    0.959 0.003747        0.952        0.966
  6.52   2288       1    0.958 0.003768        0.951        0.966
  6.53   2275       1    0.958 0.003790        0.951        0.966
  6.55   2267       1    0.958 0.003812        0.950        0.965
  6.55   2266       1    0.957 0.003834        0.950        0.965
  6.56   2262       1    0.957 0.003855        0.949        0.964
  6.56   2260       1    0.956 0.003877        0.949        0.964
  6.58   2253       1    0.956 0.003898        0.948        0.964
  6.58   2252       1    0.956 0.003919        0.948        0.963
  6.61   2238       1    0.955 0.003941        0.947        0.963
  6.62   2233       1    0.955 0.003962        0.947        0.962
  6.65   2221       1    0.954 0.003984        0.946        0.962
  6.65   2218       1    0.954 0.004005        0.946        0.962
  6.68   2198       1    0.953 0.004027        0.946        0.961
  6.68   2197       1    0.953 0.004048        0.945        0.961
  6.68   2195       1    0.953 0.004070        0.945        0.961
  6.70   2190       1    0.952 0.004091        0.944        0.960
  6.70   2188       1    0.952 0.004112        0.944        0.960
  6.72   2178       1    0.951 0.004133        0.943        0.959
  6.72   2175       1    0.951 0.004155        0.943        0.959
  6.74   2164       1    0.950 0.004176        0.942        0.959
  6.75   2159       1    0.950 0.004197        0.942        0.958
  6.75   2158       1    0.949 0.004218        0.941        0.958
  6.79   2144       1    0.949 0.004239        0.941        0.957
  6.79   2143       1    0.949 0.004260        0.940        0.957
  6.80   2139       1    0.948 0.004281        0.940        0.957
 [ reached getOption("max.print") -- omitted 438 rows ]

                wave=2 
  time n.risk n.event survival  std.err lower 95% CI upper 95% CI
  2.24   4735       1   0.9998 0.000211       0.9994        1.000
  2.50   4709       1   0.9996 0.000299       0.9990        1.000
  2.85   4641       1   0.9994 0.000369       0.9986        1.000
  2.96   4608       1   0.9991 0.000428       0.9983        1.000
  3.05   4592       1   0.9989 0.000480       0.9980        1.000
  3.12   4576       1   0.9987 0.000527       0.9977        1.000
  3.23   4534       1   0.9985 0.000571       0.9974        1.000
  3.27   4518       1   0.9983 0.000612       0.9971        0.999
  3.28   4513       1   0.9980 0.000651       0.9968        0.999
  3.29   4512       1   0.9978 0.000687       0.9965        0.999
  3.29   4507       1   0.9976 0.000722       0.9962        0.999
  3.31   4497       1   0.9974 0.000755       0.9959        0.999
  3.38   4473       1   0.9972 0.000787       0.9956        0.999
  3.39   4469       1   0.9969 0.000818       0.9953        0.999
  3.42   4457       1   0.9967 0.000848       0.9951        0.998
  3.45   4441       1   0.9965 0.000877       0.9948        0.998
  3.47   4434       1   0.9963 0.000905       0.9945        0.998
  3.50   4419       1   0.9960 0.000932       0.9942        0.998
  3.52   4410       1   0.9958 0.000959       0.9939        0.998
  3.54   4401       1   0.9956 0.000985       0.9937        0.998
  3.55   4390       1   0.9954 0.001011       0.9934        0.997
  3.56   4387       1   0.9951 0.001036       0.9931        0.997
  3.58   4373       1   0.9949 0.001060       0.9928        0.997
  3.62   4357       1   0.9947 0.001084       0.9926        0.997
  3.63   4353       1   0.9944 0.001108       0.9923        0.997
  3.63   4352       1   0.9942 0.001131       0.9920        0.996
  3.64   4344       1   0.9940 0.001154       0.9917        0.996
  3.65   4339       1   0.9938 0.001176       0.9915        0.996
  3.76   4299       1   0.9935 0.001198       0.9912        0.996
  3.78   4293       1   0.9933 0.001220       0.9909        0.996
  3.81   4271       1   0.9931 0.001242       0.9906        0.996
  3.82   4269       1   0.9928 0.001263       0.9904        0.995
  3.83   4265       1   0.9926 0.001284       0.9901        0.995
  3.85   4254       1   0.9924 0.001305       0.9898        0.995
  3.87   4245       1   0.9921 0.001325       0.9895        0.995
  3.87   4244       1   0.9919 0.001345       0.9893        0.995
  3.90   4232       1   0.9917 0.001365       0.9890        0.994
  3.91   4226       1   0.9914 0.001385       0.9887        0.994
  3.91   4224       1   0.9912 0.001404       0.9884        0.994
  3.91   4223       1   0.9910 0.001423       0.9882        0.994
  3.93   4218       1   0.9907 0.001442       0.9879        0.994
  3.93   4213       1   0.9905 0.001461       0.9876        0.993
  3.97   4193       1   0.9903 0.001480       0.9874        0.993
  3.99   4182       1   0.9900 0.001498       0.9871        0.993
  3.99   4181       1   0.9898 0.001516       0.9868        0.993
  4.01   4166       1   0.9895 0.001535       0.9865        0.993
  4.02   4160       1   0.9893 0.001553       0.9863        0.992
  4.03   4150       1   0.9891 0.001570       0.9860        0.992
  4.04   4145       1   0.9888 0.001588       0.9857        0.992
  4.05   4139       1   0.9886 0.001605       0.9854        0.992
  4.06   4134       1   0.9884 0.001623       0.9852        0.992
  4.07   4124       1   0.9881 0.001640       0.9849        0.991
  4.08   4116       1   0.9879 0.001657       0.9846        0.991
  4.09   4110       1   0.9876 0.001674       0.9844        0.991
  4.09   4108       1   0.9874 0.001691       0.9841        0.991
  4.10   4104       1   0.9871 0.001707       0.9838        0.991
  4.12   4092       1   0.9869 0.001724       0.9835        0.990
  4.13   4088       1   0.9867 0.001740       0.9833        0.990
  4.13   4085       1   0.9864 0.001757       0.9830        0.990
  4.14   4081       1   0.9862 0.001773       0.9827        0.990
  4.15   4073       1   0.9859 0.001789       0.9824        0.989
  4.17   4059       1   0.9857 0.001805       0.9822        0.989
  4.17   4058       1   0.9855 0.001821       0.9819        0.989
  4.21   4034       1   0.9852 0.001836       0.9816        0.989
  4.21   4031       1   0.9850 0.001852       0.9813        0.989
  4.23   4020       1   0.9847 0.001868       0.9811        0.988
  4.23   4019       1   0.9845 0.001883       0.9808        0.988
  4.28   3992       1   0.9842 0.001899       0.9805        0.988
  4.28   3985       1   0.9840 0.001914       0.9802        0.988
  4.28   3984       1   0.9837 0.001930       0.9800        0.988
  4.29   3982       1   0.9835 0.001945       0.9797        0.987
  4.29   3980       1   0.9832 0.001960       0.9794        0.987
  4.31   3964       1   0.9830 0.001975       0.9791        0.987
  4.32   3960       1   0.9827 0.001990       0.9789        0.987
  4.32   3954       1   0.9825 0.002005       0.9786        0.986
  4.33   3950       1   0.9822 0.002020       0.9783        0.986
  4.33   3949       1   0.9820 0.002035       0.9780        0.986
  4.34   3941       1   0.9818 0.002050       0.9777        0.986
  4.34   3938       1   0.9815 0.002064       0.9775        0.986
  4.38   3922       1   0.9813 0.002079       0.9772        0.985
  4.40   3912       1   0.9810 0.002093       0.9769        0.985
  4.40   3909       1   0.9807 0.002108       0.9766        0.985
  4.44   3888       1   0.9805 0.002122       0.9763        0.985
  4.44   3885       1   0.9802 0.002137       0.9761        0.984
  4.45   3882       1   0.9800 0.002151       0.9758        0.984
  4.47   3871       1   0.9797 0.002165       0.9755        0.984
  4.47   3866       1   0.9795 0.002180       0.9752        0.984
  4.48   3863       1   0.9792 0.002194       0.9749        0.984
  4.48   3858       1   0.9790 0.002208       0.9747        0.983
  4.49   3855       1   0.9787 0.002222       0.9744        0.983
  4.50   3848       1   0.9785 0.002236       0.9741        0.983
  4.51   3834       1   0.9782 0.002250       0.9738        0.983
  4.52   3829       1   0.9780 0.002264       0.9735        0.982
  4.52   3828       1   0.9777 0.002277       0.9733        0.982
  4.53   3821       1   0.9774 0.002291       0.9730        0.982
  4.54   3818       1   0.9772 0.002305       0.9727        0.982
  4.55   3814       1   0.9769 0.002318       0.9724        0.981
  4.55   3810       1   0.9767 0.002332       0.9721        0.981
  4.56   3803       1   0.9764 0.002345       0.9718        0.981
  4.57   3802       1   0.9762 0.002359       0.9716        0.981
  4.57   3798       1   0.9759 0.002372       0.9713        0.981
  4.61   3778       1   0.9756 0.002385       0.9710        0.980
  4.61   3774       1   0.9754 0.002399       0.9707        0.980
  4.62   3760       1   0.9751 0.002412       0.9704        0.980
  4.63   3755       1   0.9749 0.002425       0.9701        0.980
  4.68   3722       1   0.9746 0.002439       0.9698        0.979
  4.68   3721       1   0.9743 0.002452       0.9696        0.979
  4.70   3706       1   0.9741 0.002466       0.9693        0.979
  4.73   3684       1   0.9738 0.002479       0.9690        0.979
  4.74   3678       1   0.9736 0.002493       0.9687        0.978
  4.74   3676       1   0.9733 0.002506       0.9684        0.978
  4.74   3675       1   0.9730 0.002519       0.9681        0.978
  4.81   3633       1   0.9728 0.002533       0.9678        0.978
  4.81   3627       1   0.9725 0.002546       0.9675        0.977
  4.82   3624       1   0.9722 0.002560       0.9672        0.977
  4.82   3619       1   0.9720 0.002573       0.9669        0.977
  4.84   3607       1   0.9717 0.002586       0.9666        0.977
  4.87   3584       1   0.9714 0.002600       0.9663        0.977
  4.88   3578       1   0.9711 0.002613       0.9660        0.976
  4.89   3563       1   0.9709 0.002627       0.9657        0.976
  4.90   3556       1   0.9706 0.002640       0.9654        0.976
  4.90   3554       1   0.9703 0.002653       0.9651        0.976
  4.94   3532       1   0.9700 0.002667       0.9648        0.975
  4.94   3530       1   0.9698 0.002680       0.9645        0.975
  4.97   3511       1   0.9695 0.002694       0.9642        0.975
  4.98   3507       1   0.9692 0.002707       0.9639        0.975
  5.00   3491       1   0.9689 0.002720       0.9636        0.974
  5.02   3485       1   0.9687 0.002734       0.9633        0.974
  5.02   3484       1   0.9684 0.002747       0.9630        0.974
  5.04   3464       1   0.9681 0.002760       0.9627        0.974
  5.05   3457       1   0.9678 0.002774       0.9624        0.973
  5.05   3455       1   0.9675 0.002787       0.9621        0.973
  5.09   3427       1   0.9673 0.002801       0.9618        0.973
  5.10   3416       1   0.9670 0.002814       0.9615        0.973
  5.12   3408       1   0.9667 0.002827       0.9612        0.972
  5.13   3400       1   0.9664 0.002841       0.9609        0.972
  5.14   3388       1   0.9661 0.002854       0.9606        0.972
  5.15   3373       1   0.9658 0.002868       0.9602        0.971
  5.18   3357       1   0.9656 0.002881       0.9599        0.971
  5.18   3356       1   0.9653 0.002895       0.9596        0.971
  5.20   3338       1   0.9650 0.002908       0.9593        0.971
  5.21   3336       1   0.9647 0.002922       0.9590        0.970
 [ reached getOption("max.print") -- omitted 676 rows ]

                wave=3 
  time n.risk n.event survival  std.err lower 95% CI upper 95% CI
  3.05   1488       1   0.9993 0.000672       0.9980        1.000
  3.39   1480       1   0.9987 0.000952       0.9968        1.000
  3.60   1470       1   0.9980 0.001169       0.9957        1.000
  3.87   1455       1   0.9973 0.001354       0.9946        1.000
  3.93   1452       1   0.9966 0.001518       0.9936        1.000
  3.97   1451       1   0.9959 0.001665       0.9927        0.999
  4.19   1434       1   0.9952 0.001803       0.9917        0.999
  4.67   1398       1   0.9945 0.001937       0.9907        0.998
  4.70   1393       1   0.9938 0.002063       0.9898        0.998
  4.78   1384       1   0.9931 0.002183       0.9888        0.997
  4.87   1379       1   0.9924 0.002297       0.9879        0.997
  4.92   1375       1   0.9916 0.002406       0.9869        0.996
  4.94   1373       1   0.9909 0.002510       0.9860        0.996
  5.10   1362       1   0.9902 0.002612       0.9851        0.995
  5.11   1360       1   0.9895 0.002709       0.9842        0.995
  5.26   1341       1   0.9887 0.002806       0.9832        0.994
  5.43   1319       1   0.9880 0.002902       0.9823        0.994
  5.48   1317       1   0.9872 0.002996       0.9814        0.993
  5.58   1301       1   0.9865 0.003088       0.9804        0.993
  5.82   1275       1   0.9857 0.003181       0.9795        0.992
  5.84   1274       1   0.9849 0.003271       0.9785        0.991
  5.86   1272       1   0.9841 0.003359       0.9776        0.991
  5.92   1264       1   0.9834 0.003445       0.9766        0.990
  5.94   1260       1   0.9826 0.003530       0.9757        0.990
  5.97   1253       1   0.9818 0.003613       0.9747        0.989
  6.06   1240       1   0.9810 0.003696       0.9738        0.988
  6.12   1232       1   0.9802 0.003778       0.9728        0.988
  6.22   1214       1   0.9794 0.003860       0.9719        0.987
  6.26   1207       1   0.9786 0.003941       0.9709        0.986
  6.36   1187       1   0.9778 0.004023       0.9699        0.986
  6.38   1185       1   0.9769 0.004103       0.9689        0.985
  6.45   1173       1   0.9761 0.004184       0.9679        0.984
  6.46   1169       1   0.9753 0.004263       0.9670        0.984
  6.62   1151       1   0.9744 0.004342       0.9659        0.983
  6.68   1138       1   0.9736 0.004422       0.9649        0.982
  6.68   1136       1   0.9727 0.004500       0.9639        0.982
  6.72   1132       1   0.9719 0.004578       0.9629        0.981
  6.84   1119       1   0.9710 0.004655       0.9619        0.980
  6.89   1113       1   0.9701 0.004732       0.9609        0.979
  7.10   1077       1   0.9692 0.004813       0.9598        0.979
  7.18   1066       1   0.9683 0.004893       0.9588        0.978
  7.19   1065       1   0.9674 0.004973       0.9577        0.977
  7.22   1060       1   0.9665 0.005051       0.9566        0.976
  7.22   1059       1   0.9656 0.005128       0.9556        0.976
  7.25   1055       1   0.9646 0.005204       0.9545        0.975
  7.35   1045       1   0.9637 0.005280       0.9534        0.974
  7.43   1033       1   0.9628 0.005357       0.9524        0.973
  7.45   1028       1   0.9619 0.005433       0.9513        0.973
  7.45   1027       1   0.9609 0.005508       0.9502        0.972
  7.48   1026       1   0.9600 0.005582       0.9491        0.971
  7.49   1022       1   0.9590 0.005655       0.9480        0.970
  7.50   1017       1   0.9581 0.005727       0.9469        0.969
  7.53   1013       1   0.9572 0.005799       0.9459        0.969
  7.56   1009       1   0.9562 0.005870       0.9448        0.968
  7.58   1008       1   0.9553 0.005941       0.9437        0.967
  7.59   1007       1   0.9543 0.006010       0.9426        0.966
  7.64    998       1   0.9534 0.006080       0.9415        0.965
  7.68    993       1   0.9524 0.006149       0.9404        0.965
  7.70    988       1   0.9514 0.006218       0.9393        0.964
  7.79    975       1   0.9505 0.006287       0.9382        0.963
  7.83    960       1   0.9495 0.006358       0.9371        0.962
  7.90    948       1   0.9485 0.006430       0.9359        0.961
  7.91    946       1   0.9475 0.006501       0.9348        0.960
  7.92    945       1   0.9465 0.006571       0.9337        0.959
  7.97    937       1   0.9454 0.006641       0.9325        0.959
  8.00    933       1   0.9444 0.006711       0.9314        0.958
  8.00    932       1   0.9434 0.006780       0.9302        0.957
  8.00    930       1   0.9424 0.006848       0.9291        0.956
  8.01    928       1   0.9414 0.006915       0.9279        0.955
  8.02    927       1   0.9404 0.006982       0.9268        0.954
  8.03    925       1   0.9394 0.007048       0.9256        0.953
  8.04    922       1   0.9383 0.007114       0.9245        0.952
  8.08    910       1   0.9373 0.007180       0.9233        0.951
  8.15    898       1   0.9363 0.007248       0.9222        0.951
  8.16    896       1   0.9352 0.007315       0.9210        0.950
  8.21    890       1   0.9342 0.007382       0.9198        0.949
  8.27    881       1   0.9331 0.007449       0.9186        0.948
  8.28    877       1   0.9320 0.007516       0.9174        0.947
  8.29    876       1   0.9310 0.007582       0.9162        0.946
  8.35    866       1   0.9299 0.007649       0.9150        0.945
  8.36    860       1   0.9288 0.007717       0.9138        0.944
  8.42    858       1   0.9277 0.007783       0.9126        0.943
  8.43    854       1   0.9267 0.007850       0.9114        0.942
  8.49    849       1   0.9256 0.007916       0.9102        0.941
  8.49    848       1   0.9245 0.007981       0.9090        0.940
  8.50    845       1   0.9234 0.008047       0.9077        0.939
  8.50    843       1   0.9223 0.008111       0.9065        0.938
  8.60    829       1   0.9212 0.008177       0.9053        0.937
  8.66    825       1   0.9201 0.008243       0.9040        0.936
  8.73    813       1   0.9189 0.008311       0.9028        0.935
  8.76    805       1   0.9178 0.008378       0.9015        0.934
  8.77    804       1   0.9166 0.008445       0.9002        0.933
  8.82    798       1   0.9155 0.008512       0.8990        0.932
  8.82    797       1   0.9143 0.008579       0.8977        0.931
  8.82    796       1   0.9132 0.008645       0.8964        0.930
  8.84    791       1   0.9120 0.008710       0.8951        0.929
  8.86    786       1   0.9109 0.008776       0.8938        0.928
  8.90    780       1   0.9097 0.008842       0.8925        0.927
  8.91    779       1   0.9085 0.008908       0.8913        0.926
  8.92    776       1   0.9074 0.008973       0.8900        0.925
  9.07    753       1   0.9062 0.009042       0.8886        0.924
  9.14    742       1   0.9049 0.009112       0.8873        0.923
  9.26    730       1   0.9037 0.009183       0.8859        0.922
  9.34    718       1   0.9024 0.009256       0.8845        0.921
  9.37    716       1   0.9012 0.009329       0.8831        0.920
  9.54    690       1   0.8999 0.009406       0.8816        0.919
  9.55    689       1   0.8986 0.009483       0.8802        0.917
  9.58    686       1   0.8973 0.009559       0.8787        0.916
  9.62    682       1   0.8959 0.009635       0.8773        0.915
  9.76    664       1   0.8946 0.009714       0.8758        0.914
  9.88    651       1   0.8932 0.009796       0.8742        0.913
  9.90    649       1   0.8918 0.009877       0.8727        0.911
  9.92    646       1   0.8905 0.009958       0.8712        0.910
  9.94    644       1   0.8891 0.010038       0.8696        0.909
 10.04    626       1   0.8877 0.010122       0.8680        0.908
 10.04    622       1   0.8862 0.010206       0.8665        0.906
 10.07    618       1   0.8848 0.010290       0.8649        0.905
 10.25    604       1   0.8833 0.010376       0.8632        0.904
 10.25    603       1   0.8819 0.010462       0.8616        0.903
 10.30    599       1   0.8804 0.010548       0.8600        0.901
 10.40    591       1   0.8789 0.010635       0.8583        0.900
 10.43    583       1   0.8774 0.010723       0.8566        0.899
 10.44    582       1   0.8759 0.010810       0.8550        0.897
 10.44    580       1   0.8744 0.010896       0.8533        0.896
 10.54    573       1   0.8729 0.010983       0.8516        0.895
 10.59    567       1   0.8713 0.011071       0.8499        0.893
 10.62    562       1   0.8698 0.011160       0.8482        0.892
 10.71    551       1   0.8682 0.011250       0.8464        0.891
 10.75    547       1   0.8666 0.011341       0.8447        0.889
 10.76    546       1   0.8650 0.011431       0.8429        0.888
 10.77    542       1   0.8634 0.011521       0.8411        0.886
 10.79    537       1   0.8618 0.011611       0.8394        0.885
 10.85    533       1   0.8602 0.011701       0.8376        0.883
 10.89    530       1   0.8586 0.011791       0.8358        0.882
 10.99    520       1   0.8569 0.011884       0.8339        0.881
 10.99    519       1   0.8553 0.011975       0.8321        0.879
 11.10    505       1   0.8536 0.012070       0.8302        0.878
 11.12    500       1   0.8519 0.012166       0.8284        0.876
 11.14    498       1   0.8502 0.012262       0.8265        0.875
 11.15    493       1   0.8484 0.012357       0.8246        0.873
 11.15    492       1   0.8467 0.012452       0.8227        0.871
 11.22    484       1   0.8450 0.012549       0.8207        0.870
 [ reached getOption("max.print") -- omitted 105 rows ]

